432.895	1000
433.423	1004
433.95	1001
434.478	1000
435.006	999
435.534	1002
436.062	1002
436.589	1000
437.117	999
437.645	1001
438.172	1002
438.7	1000
439.228	1002
439.756	1002
440.283	999
440.811	1001
441.338	998
441.866	1004
442.394	1000
442.921	1003
443.449	1000
443.976	1001
444.504	997
445.031	999
445.559	1000
446.086	1000
446.614	1000
447.141	1002
447.669	1000
448.196	1001
448.724	997
449.251	999
449.778	1001
450.306	1002
450.833	998
451.361	1001
451.888	999
452.415	1002
452.943	999
453.47	997
453.997	998
454.524	1000
455.052	1000
455.579	998
456.106	1001
456.633	1001
457.16	1003
457.688	998
458.215	1003
458.742	1000
459.269	1000
459.796	1000
460.323	999
460.85	1002
461.377	1002
461.904	1001
462.431	1003
462.958	1002
463.485	1001
464.012	1001
464.539	1001
465.066	1000
465.593	997
466.12	1001
466.647	1002
467.174	999
467.701	1002
468.228	1001
468.755	998
469.282	998
469.808	1002
470.335	1002
470.862	1003
471.389	1000
471.915	999
472.442	1001
472.969	1002
473.496	998
474.022	1000
474.549	999
475.076	1000
475.602	1004
476.129	1001
476.656	1001
477.182	1003
477.709	1005
478.235	998
478.762	1002
479.289	1000
479.815	1001
480.342	1000
480.868	999
481.395	999
481.921	1001
482.448	1001
482.974	999
483.5	1000
484.027	1001
484.553	1003
485.08	998
485.606	1003
486.132	1004
486.659	1002
487.185	1003
487.711	1005
488.238	1000
488.764	1001
489.29	1001
489.816	1000
490.343	1001
490.869	999
491.395	1001
491.921	1000
492.447	999
492.973	999
493.5	1000
494.026	1000
494.552	1002
495.078	998
495.604	999
496.13	999
496.656	1001
497.182	998
497.708	1001
498.234	1001
498.76	999
499.286	1003
499.812	1002
500.338	1004
500.864	999
501.39	1002
501.916	1003
502.441	1001
502.967	999
503.493	1005
504.019	1002
504.545	1001
505.071	1000
505.596	1002
506.122	1001
506.648	999
507.174	1002
507.699	999
508.225	1002
508.751	1003
509.276	1001
509.802	1002
510.328	1003
510.853	1002
511.379	999
511.904	1001
512.43	1000
512.955	1001
513.481	997
514.006	1003
514.532	999
515.057	1000
515.583	1000
516.108	1004
516.634	1002
517.159	1000
517.685	1003
518.21	1000
518.735	999
519.261	999
519.786	1000
520.311	999
520.837	1002
521.362	1002
521.887	1001
522.413	998
522.938	1004
523.463	1000
523.988	999
524.513	1003
525.039	1002
525.564	1001
526.089	1001
526.614	1000
527.139	1002
527.664	1004
528.189	1000
528.714	1005
529.24	1003
529.765	1002
530.29	998
530.815	1000
531.34	1003
531.865	1001
532.389	1001
532.914	1000
533.439	1002
533.964	1001
534.489	1001
535.014	1004
535.539	1001
536.064	1001
536.588	1002
537.113	999
537.638	1001
538.163	1001
538.688	1001
539.212	1000
539.737	999
540.262	1002
540.786	1001
541.311	1001
541.836	1003
542.36	999
542.885	1002
543.41	999
543.934	1004
544.459	1002
544.983	1001
545.508	999
546.032	1000
546.557	1002
547.081	1002
547.606	1001
548.13	1004
548.655	998
549.179	1002
549.704	1000
550.228	1005
550.752	1000
551.277	1003
551.801	999
552.325	998
552.85	999
553.374	999
553.898	1000
554.423	1002
554.947	1001
555.471	1003
555.995	999
556.519	997
557.044	999
557.568	1003
558.092	999
558.616	1001
559.14	998
559.664	1004
560.188	1002
560.712	1002
561.236	999
561.76	999
562.284	998
562.808	1002
563.332	999
563.856	1000
564.38	1004
564.904	1002
565.428	1003
565.952	1002
566.476	1002
567	1003
567.523	998
568.047	1000
568.571	999
569.095	999
569.619	999
570.142	999
570.666	1001
571.19	999
571.714	1000
572.237	998
572.761	998
573.285	997
573.808	1002
574.332	1000
574.855	1000
575.379	1003
575.903	1003
576.426	1002
576.95	1001
577.473	1001
577.997	1001
578.52	999
579.044	1001
579.567	1003
580.09	1002
580.614	1001
581.137	1001
581.661	1001
582.184	1003
582.707	1000
583.231	1000
583.754	999
584.277	999
584.8	1005
585.324	1001
585.847	1002
586.37	1000
586.893	1000
587.417	999
587.94	1000
588.463	1003
588.986	1002
589.509	1003
590.032	1004
590.555	1004
591.078	1003
591.601	1000
592.124	1000
592.647	1003
593.17	1000
593.693	1001
594.216	1004
594.739	1001
595.262	1002
595.785	1003
596.308	998
596.831	1000
597.354	1003
597.877	1000
598.399	1000
598.922	999
599.445	998
599.968	1000
600.49	1002
601.013	998
601.536	1002
602.059	1001
602.581	1003
603.104	1002
603.627	1002
604.149	1004
604.672	1004
605.194	1000
605.717	1004
606.24	1001
606.762	1002
607.285	1003
607.807	1004
608.33	1002
608.852	1001
609.374	1001
609.897	999
610.419	1000
610.942	1003
611.464	1001
611.986	1004
612.509	1003
613.031	1003
613.553	1000
614.076	1003
614.598	1000
615.12	1005
615.642	1004
616.165	1004
616.687	1004
617.209	1003
617.731	1003
618.253	1004
618.775	1006
619.297	1005
619.82	1004
620.342	1006
620.864	1005
621.386	1005
621.908	1003
622.43	1004
622.952	999
623.474	1004
623.996	1007
624.518	1004
625.039	1006
625.561	1008
626.083	1006
626.605	1004
627.127	1005
627.649	1005
628.171	1005
628.692	1005
629.214	1005
629.736	1008
630.258	1003
630.779	1005
631.301	1000
631.823	1002
632.344	1008
632.866	1006
633.388	1006
633.909	1007
634.431	1004
634.952	1003
635.474	1002
635.995	1005
636.517	1003
637.038	1009
637.56	1005
638.081	1004
638.603	1001
639.124	1004
639.646	1001
640.167	1002
640.688	999
641.21	1006
641.731	1001
642.252	1003
642.773	1006
643.295	1003
643.816	1002
644.337	1002
644.859	1002
645.38	1003
645.901	1006
646.422	1000
646.943	1002
647.464	1005
647.985	1005
648.506	999
649.028	1001
649.549	1002
650.07	1002
650.591	1000
651.112	1003
651.633	998
652.154	1001
652.674	1003
653.195	998
653.716	1003
654.237	1000
654.758	1002
655.279	1001
655.8	1000
656.321	1002
656.841	1004
657.362	998
657.883	1002
658.404	1000
658.924	1002
659.445	1002
659.966	999
660.486	1001
661.007	1002
661.528	997
662.048	1003
662.569	1000
663.089	999
663.61	1001
664.13	1000
664.651	1001
665.171	1003
665.692	1004
666.212	1006
666.733	1004
667.253	1004
667.774	999
668.294	1002
668.814	1002
669.335	1001
669.855	1001
670.375	1003
670.896	999
671.416	1005
671.936	999
672.456	999
672.977	1001
673.497	1002
674.017	1000
674.537	1001
675.057	1003
675.577	1003
676.097	1001
676.617	1000
677.137	1001
677.657	999
678.177	1001
678.698	1001
679.217	1000
679.737	1000
680.257	997
680.777	1002
681.297	1000
681.817	1002
682.337	999
682.857	1003
683.377	999
683.896	1004
684.416	1001
684.936	1002
685.456	1003
685.975	1002
686.495	1003
687.015	1004
687.535	1001
688.054	1001
688.574	1002
689.093	1002
689.613	999
690.133	1001
690.652	1001
691.172	1004
691.691	1000
692.211	1001
692.73	1002
693.25	1002
693.769	1000
694.289	1000
694.808	1002
695.327	1003
695.847	1004
696.366	1001
696.885	1000
697.405	1003
697.924	1002
698.443	1003
698.962	1001
699.482	1000
700.001	1003
700.52	1001
701.039	1001
701.558	1002
702.078	1003
702.597	1000
703.116	1001
703.635	1002
704.154	1003
704.673	1001
705.192	1002
705.711	1001
706.23	1001
706.749	1003
707.268	999
707.787	1001
708.306	998
708.824	998
709.343	998
709.862	1002
710.381	1001
710.9	1002
711.419	1002
711.937	1001
712.456	1001
712.975	1000
713.493	1000
714.012	999
714.531	1000
715.049	1001
715.568	1002
716.087	1003
716.605	999
717.124	999
717.642	1001
718.161	1001
718.679	1002
719.198	1003
719.716	1002
720.235	1000
720.753	1000
721.272	998
721.79	1002
722.308	1001
722.827	1000
723.345	1000
723.863	1003
724.382	999
724.9	998
725.418	1002
725.936	1001
726.455	1001
726.973	999
727.491	1003
728.009	1001
728.527	1001
729.045	1003
729.563	999
730.081	1003
730.599	1002
731.117	999
731.635	1000
732.153	1000
732.671	1004
733.189	1001
733.707	1000
734.225	1002
734.743	1001
735.261	997
735.779	1002
736.297	1001
736.814	1002
737.332	1002
737.85	1003
738.368	1000
738.885	1002
739.403	1000
739.921	1002
740.439	1004
740.956	1003
741.474	1001
741.991	1000
742.509	1001
743.027	999
743.544	1001
744.062	1000
744.579	999
745.097	1002
745.614	1000
746.131	1002
746.649	1003
747.166	1004
747.684	1002
748.201	1000
748.718	998
749.236	1002
749.753	1001
750.27	998
750.788	1000
751.305	1000
751.822	1001
752.339	1003
752.856	999
753.374	1003
753.891	998
754.408	1005
754.925	1003
755.442	1002
755.959	1003
756.476	1001
756.993	1001
757.51	1002
758.027	1001
758.544	1000
759.061	1003
759.578	1001
760.095	1000
760.612	1002
761.128	1005
761.645	998
762.162	1003
762.679	1004
763.196	1001
763.712	1002
764.229	1002
764.746	1002
765.263	1001
765.779	1001
766.296	1003
766.812	1002
767.329	1001
767.846	1003
768.362	1004
768.879	1001
769.395	1000
769.912	1002
770.428	1000
770.945	1000
771.461	1001
771.978	1003
772.494	1002
773.01	1001
773.527	1000
774.043	1002
774.559	1000
775.076	999
775.592	1002
776.108	1003
776.624	1000
777.141	1004
777.657	1003
778.173	1002
778.689	1001
779.205	1004
779.721	1005
780.237	999
780.753	1000
781.27	998
781.786	1000
782.302	1004
782.818	1002
783.333	1002
783.849	1000
784.365	999
784.881	1001
785.397	1002
785.913	1000
786.429	999
786.945	1002
787.46	1001
787.976	1000
788.492	998
789.008	998
789.523	998
790.039	1004
790.555	1002
791.07	1000
791.586	1001
792.102	1003
792.617	999
793.133	1003
793.648	1005
794.164	1004
794.679	1002
795.195	999
795.71	1001
796.226	1003
796.741	1002
797.256	1002
797.772	1001
798.287	1000
798.802	1003
799.318	1004
799.833	1002
800.348	1000
800.864	1003
801.379	1004
801.894	1001
802.409	1001
802.924	999
803.44	1002
803.955	1001
804.47	1000
804.985	1002
805.5	1001
806.015	1002
806.53	1001
807.045	1000
807.56	1000
808.075	1004
808.59	1004
809.105	1002
809.619	1000
810.134	1001
810.649	1001
811.164	1005
811.679	1002
812.194	1002
812.708	1000
813.223	1004
813.738	1001
814.252	1003
814.767	997
815.282	1003
815.796	1002
816.311	1001
816.826	1000
817.34	1001
817.855	1004
818.369	1004
818.884	1002
819.398	1004
819.913	1000
820.427	1005
820.941	1002
821.456	999
821.97	1001
822.484	1003
822.999	1003
823.513	1005
824.027	1005
824.542	1001
825.056	1000
825.57	1003
826.084	999
826.598	1002
827.113	1001
827.627	1002
828.141	1002
828.655	1002
829.169	1000
829.683	1002
830.197	999
830.711	1003
831.225	1005
831.739	1002
832.253	1004
832.767	1003
833.281	1003
833.795	1000
834.308	1004
834.822	1000
835.336	1001
835.85	1005
836.364	1002
836.877	1000
837.391	1003
837.905	1003
838.418	1001
838.932	1002
839.446	1003
839.959	1003
840.473	1004
840.986	1000
841.5	1001
842.013	999
842.527	1005
843.04	1003
843.554	1000
844.067	1001
844.581	1004
845.094	999
845.607	999
846.121	1001
846.634	1003
847.147	1002
847.661	1000
848.174	1001
848.687	1002
849.2	999
849.714	1001
850.227	1002
850.74	1004
851.253	1005
851.766	1003
852.279	1003
852.792	1001
853.305	1000
853.818	1003
854.331	1003
854.844	1003
855.357	1003
855.87	1001
856.383	1000
856.896	1003
857.409	1002
857.921	1002
858.434	1003
858.947	1001
859.46	1002
859.973	1002
860.485	1005
860.998	1002
861.511	1003
862.023	1000
862.536	1002
863.049	1000
863.561	999
864.074	1008
864.586	999
865.099	1000
865.611	1002
866.124	1002
866.636	1001
867.149	1004
867.661	1002
868.173	1004
868.686	1004
869.198	1000
869.71	1001
870.223	1005
870.735	1001
871.247	1004
871.759	1005
872.272	1004
872.784	1007
873.296	1005
873.808	1001
874.32	1004
874.832	1000
875.344	1005
875.856	1007
876.368	1002
876.88	1003
877.392	999
877.904	1004
878.416	1005
878.928	1002
879.44	1001
879.952	1003
880.464	1003
880.976	1002
881.487	1003
881.999	1005
882.511	1002
883.023	1001
883.534	1004
884.046	1003
884.558	1002
885.069	1006
885.581	1001
886.093	1001
886.604	1001
887.116	1001
887.627	1002
888.139	1004
888.65	1005
889.162	1003
889.673	1003
890.185	1005
890.696	1001
891.207	1004
891.719	1006
892.23	1004
892.741	1004
893.253	1004
893.764	1008
894.275	1002
894.786	1003
895.297	1005
895.809	1003
896.32	1001
896.831	1001
897.342	1003
897.853	1003
898.364	1004
898.875	1004
899.386	1001
899.897	1004
900.408	1001
900.919	1002
901.43	1002
901.941	1004
902.451	1004
902.962	1005
903.473	1004
903.984	1004
904.495	1004
905.005	1002
905.516	1003
906.027	1005
906.538	1003
907.048	1005
907.559	1002
908.069	1003
908.58	1002
909.091	1006
909.601	1008
910.112	1000
910.622	1005
911.133	1004
911.643	1001
912.154	1005
912.664	1004
913.174	1003
913.685	1002
914.195	1001
914.705	1004
915.216	1008
915.726	1010
916.236	1005
916.746	1004
917.256	1003
917.767	1002
918.277	1004
918.787	1005
919.297	1009
919.807	1007
920.317	1003
920.827	1005
921.337	1006
921.847	1004
922.357	1006
922.867	1005
923.377	1003
923.887	1004
924.397	1004
924.906	1002
925.416	1002
925.926	1002
926.436	1009
926.946	1003
927.455	1007
927.965	1003
928.475	1006
928.984	1008
929.494	1010
930.004	1004
930.513	1006
931.023	1001
931.532	1010
932.042	1006
932.551	1008
933.061	1002
933.57	1006
934.08	1004
934.589	1007
935.098	1005
935.608	1004
936.117	1011
936.626	1012
937.136	1009
937.645	1010
938.154	1003
938.663	1010
939.173	1007
939.682	1007
940.191	1009
940.7	1006
941.209	1009
941.718	1007
942.227	1009
942.736	1009
943.245	1005
943.754	1008
944.263	1012
944.772	1011
945.281	1008
945.79	1008
946.299	1009
946.807	1006
947.316	1007
947.825	1009
948.334	1015
948.843	1014
949.351	1006
949.86	1010
950.369	1015
950.877	1017
951.386	1024
951.894	1026
952.403	1029
952.911	1026
953.42	1037
953.929	1032
954.437	1026
954.945	1029
955.454	1024
955.962	1018
956.471	1019
956.979	1021
957.487	1020
957.996	1021
958.504	1019
959.012	1019
959.52	1024
960.029	1021
960.537	1020
961.045	1019
961.553	1016
962.061	1020
962.569	1025
963.077	1022
963.585	1022
