432.895	998
433.423	1000
433.95	1000
434.478	1002
435.006	999
435.534	1001
436.062	1000
436.589	997
437.117	1001
437.645	998
438.172	999
438.7	1000
439.228	998
439.756	1003
440.283	999
440.811	999
441.338	1002
441.866	998
442.394	1003
442.921	997
443.449	1001
443.976	1001
444.504	997
445.031	998
445.559	1001
446.086	999
446.614	1000
447.141	997
447.669	999
448.196	999
448.724	1000
449.251	997
449.778	999
450.306	1000
450.833	1000
451.361	998
451.888	998
452.415	999
452.943	999
453.47	998
453.997	996
454.524	1000
455.052	999
455.579	998
456.106	1001
456.633	1000
457.16	1001
457.688	1000
458.215	1000
458.742	1000
459.269	1000
459.796	999
460.323	1001
460.85	1000
461.377	998
461.904	1000
462.431	1000
462.958	1001
463.485	999
464.012	1000
464.539	1000
465.066	1002
465.593	999
466.12	1000
466.647	1000
467.174	999
467.701	1000
468.228	999
468.755	1000
469.282	1002
469.808	1001
470.335	999
470.862	998
471.389	1000
471.915	1000
472.442	1000
472.969	1001
473.496	999
474.022	1000
474.549	1001
475.076	998
475.602	999
476.129	1001
476.656	1002
477.182	1001
477.709	1002
478.235	998
478.762	1002
479.289	996
479.815	1000
480.342	1000
480.868	1002
481.395	1000
481.921	997
482.448	1000
482.974	1000
483.5	998
484.027	1003
484.553	1000
485.08	999
485.606	1000
486.132	996
486.659	1000
487.185	1000
487.711	998
488.238	1000
488.764	1000
489.29	1002
489.816	1001
490.343	998
490.869	1000
491.395	1000
491.921	1000
492.447	998
492.973	1001
493.5	999
494.026	1001
494.552	999
495.078	1000
495.604	1000
496.13	1000
496.656	1000
497.182	1002
497.708	1002
498.234	1002
498.76	1005
499.286	1014
499.812	1028
500.338	1070
500.864	1124
501.39	1134
501.916	1138
502.441	1134
502.967	1152
503.493	1148
504.019	1156
504.545	1161
505.071	1173
505.596	1173
506.122	1186
506.648	1173
507.174	1171
507.699	1182
508.225	1182
508.751	1188
509.276	1200
509.802	1201
510.328	1212
510.853	1217
511.379	1216
511.904	1230
512.43	1239
512.955	1220
513.481	1222
514.006	1243
514.532	1237
515.057	1261
515.583	1261
516.108	1268
516.634	1288
517.159	1264
517.685	1284
518.21	1284
518.735	1285
519.261	1311
519.786	1262
520.311	1280
520.837	1304
521.362	1305
521.887	1307
522.413	1332
522.938	1280
523.463	1292
523.988	1314
524.513	1303
525.039	1289
525.564	1309
526.089	1276
526.614	1297
527.139	1291
527.664	1284
528.189	1297
528.714	1308
529.24	1288
529.765	1276
530.29	1287
530.815	1268
531.34	1282
531.865	1286
532.389	1293
532.914	1306
533.439	1316
533.964	1350
534.489	1367
535.014	1370
535.539	1381
536.064	1382
536.588	1399
537.113	1421
537.638	1417
538.163	1420
538.688	1410
539.212	1411
539.737	1416
540.262	1426
540.786	1403
541.311	1417
541.836	1394
542.36	1424
542.885	1413
543.41	1446
543.934	1439
544.459	1434
544.983	1453
545.508	1460
546.032	1431
546.557	1450
547.081	1422
547.606	1451
548.13	1444
548.655	1419
549.179	1435
549.704	1469
550.228	1462
550.752	1470
551.277	1489
551.801	1475
552.325	1490
552.85	1484
553.374	1470
553.898	1492
554.423	1467
554.947	1490
555.471	1516
555.995	1493
556.519	1516
557.044	1491
557.568	1516
558.092	1520
558.616	1536
559.14	1520
559.664	1489
560.188	1495
560.712	1523
561.236	1526
561.76	1504
562.284	1512
562.808	1507
563.332	1487
563.856	1489
564.38	1502
564.904	1460
565.428	1487
565.952	1462
566.476	1464
567	1452
567.523	1451
568.047	1445
568.571	1449
569.095	1461
569.619	1458
570.142	1475
570.666	1459
571.19	1458
571.714	1461
572.237	1492
572.761	1503
573.285	1516
573.808	1481
574.332	1495
574.855	1498
575.379	1520
575.903	1532
576.426	1497
576.95	1507
577.473	1534
577.997	1536
578.52	1547
579.044	1518
579.567	1543
580.09	1523
580.614	1534
581.137	1553
581.661	1526
582.184	1520
582.707	1525
583.231	1508
583.754	1517
584.277	1510
584.8	1506
585.324	1494
585.847	1505
586.37	1487
586.893	1496
587.417	1484
587.94	1479
588.463	1503
588.986	1505
589.509	1512
590.032	1523
590.555	1526
591.078	1515
591.601	1518
592.124	1518
592.647	1519
593.17	1554
593.693	1506
594.216	1519
594.739	1532
595.262	1544
595.785	1521
596.308	1554
596.831	1529
597.354	1525
597.877	1524
598.399	1522
598.922	1528
599.445	1509
599.968	1492
600.49	1498
601.013	1497
601.536	1487
602.059	1505
602.581	1522
603.104	1501
603.627	1481
604.149	1501
604.672	1491
605.194	1456
605.717	1472
606.24	1483
606.762	1461
607.285	1473
607.807	1462
608.33	1439
608.852	1416
609.374	1434
609.897	1436
610.419	1448
610.942	1410
611.464	1396
611.986	1382
612.509	1393
613.031	1397
613.553	1391
614.076	1356
614.598	1367
615.12	1361
615.642	1342
616.165	1342
616.687	1342
617.209	1329
617.731	1335
618.253	1353
618.775	1346
619.297	1344
619.82	1340
620.342	1339
620.864	1352
621.386	1318
621.908	1342
622.43	1314
622.952	1320
623.474	1351
623.996	1336
624.518	1334
625.039	1297
625.561	1297
626.083	1311
626.605	1295
627.127	1300
627.649	1295
628.171	1294
628.692	1316
629.214	1289
629.736	1289
630.258	1272
630.779	1285
631.301	1285
631.823	1275
632.344	1271
632.866	1289
633.388	1251
633.909	1268
634.431	1245
634.952	1248
635.474	1255
635.995	1251
636.517	1243
637.038	1246
637.56	1247
638.081	1234
638.603	1227
639.124	1227
639.646	1233
640.167	1225
640.688	1221
641.21	1224
641.731	1224
642.252	1219
642.773	1202
643.295	1223
643.816	1211
644.337	1224
644.859	1219
645.38	1197
645.901	1210
646.422	1216
646.943	1202
647.464	1208
647.985	1196
648.506	1229
649.028	1197
649.549	1190
650.07	1198
650.591	1199
651.112	1195
651.633	1184
652.154	1189
652.674	1182
653.195	1191
653.716	1180
654.237	1170
654.758	1191
655.279	1184
655.8	1190
656.321	1174
656.841	1175
657.362	1166
657.883	1178
658.404	1155
658.924	1155
659.445	1162
659.966	1153
660.486	1175
661.007	1155
661.528	1150
662.048	1156
662.569	1140
663.089	1149
663.61	1149
664.13	1131
664.651	1119
665.171	1131
665.692	1125
666.212	1121
666.733	1124
667.253	1121
667.774	1120
668.294	1109
668.814	1133
669.335	1112
669.855	1124
670.375	1110
670.896	1108
671.416	1101
671.936	1109
672.456	1110
672.977	1104
673.497	1108
674.017	1107
674.537	1091
675.057	1100
675.577	1090
676.097	1101
676.617	1095
677.137	1092
677.657	1090
678.177	1094
678.698	1077
679.217	1082
679.737	1091
680.257	1081
680.777	1092
681.297	1087
681.817	1065
682.337	1088
682.857	1094
683.377	1077
683.896	1069
684.416	1077
684.936	1065
685.456	1059
685.975	1058
686.495	1077
687.015	1069
687.535	1065
688.054	1064
688.574	1065
689.093	1064
689.613	1066
690.133	1065
690.652	1061
691.172	1059
691.691	1064
692.211	1060
692.73	1047
693.25	1044
693.769	1055
694.289	1056
694.808	1054
695.327	1050
695.847	1048
696.366	1049
696.885	1048
697.405	1054
697.924	1049
698.443	1055
698.962	1045
699.482	1050
700.001	1047
700.52	1043
701.039	1051
701.558	1042
702.078	1050
702.597	1040
703.116	1042
703.635	1042
704.154	1047
704.673	1043
705.192	1039
705.711	1043
706.23	1047
706.749	1045
707.268	1040
707.787	1033
708.306	1040
708.824	1037
709.343	1039
709.862	1038
710.381	1039
710.9	1035
711.419	1038
711.937	1034
712.456	1034
712.975	1028
713.493	1022
714.012	1033
714.531	1030
715.049	1027
715.568	1031
716.087	1030
716.605	1032
717.124	1033
717.642	1022
718.161	1028
718.679	1028
719.198	1027
719.716	1026
720.235	1032
720.753	1021
721.272	1026
721.79	1022
722.308	1026
722.827	1027
723.345	1025
723.863	1025
724.382	1023
724.9	1019
725.418	1021
725.936	1019
726.455	1018
726.973	1017
727.491	1012
728.009	1018
728.527	1016
729.045	1020
729.563	1014
730.081	1019
730.599	1018
731.117	1018
731.635	1024
732.153	1016
732.671	1015
733.189	1019
733.707	1013
734.225	1017
734.743	1011
735.261	1015
735.779	1016
736.297	1011
736.814	1016
737.332	1013
737.85	1011
738.368	1007
738.885	1012
739.403	1017
739.921	1009
740.439	1020
740.956	1008
741.474	1016
741.991	1016
742.509	1010
743.027	1016
743.544	1011
744.062	1016
744.579	1008
745.097	1015
745.614	1006
746.131	1009
746.649	1009
747.166	1005
747.684	1008
748.201	1008
748.718	1008
749.236	1010
749.753	1007
750.27	1011
750.788	1007
751.305	1009
751.822	1003
752.339	1008
752.856	1010
753.374	1007
753.891	1007
754.408	1004
754.925	1012
755.442	1010
755.959	1010
756.476	1007
756.993	1003
757.51	1004
758.027	1006
758.544	1008
759.061	1008
759.578	1004
760.095	1003
760.612	1011
761.128	1003
761.645	1004
762.162	1006
762.679	1007
763.196	1005
763.712	1006
764.229	1006
764.746	1006
765.263	1011
765.779	1005
766.296	1004
766.812	1004
767.329	1003
767.846	1010
768.362	1005
768.879	1005
769.395	1005
769.912	1004
770.428	999
770.945	1005
771.461	1001
771.978	1003
772.494	1005
773.01	1005
773.527	1006
774.043	1008
774.559	1002
775.076	1002
775.592	1004
776.108	1001
776.624	1000
777.141	1001
777.657	1002
778.173	1003
778.689	1003
779.205	1002
779.721	1002
780.237	1002
780.753	1003
781.27	1003
781.786	1001
782.302	1003
782.818	999
783.333	1000
783.849	1000
784.365	1000
784.881	1003
785.397	1001
785.913	1004
786.429	1001
786.945	1000
787.46	1001
787.976	1001
788.492	1000
789.008	1000
789.523	1003
790.039	999
790.555	998
791.07	1005
791.586	1003
792.102	999
792.617	1001
793.133	1001
793.648	1003
794.164	1001
794.679	1000
795.195	1001
795.71	1001
796.226	1000
796.741	1000
797.256	999
797.772	1001
798.287	1003
798.802	1002
799.318	999
799.833	1001
800.348	1001
800.864	1001
801.379	1000
801.894	999
802.409	1001
802.924	1000
803.44	1002
803.955	1003
804.47	1000
804.985	1001
805.5	1001
806.015	1001
806.53	1000
807.045	1000
807.56	1001
808.075	1000
808.59	1001
809.105	1001
809.619	998
810.134	1000
810.649	998
811.164	1003
811.679	1004
812.194	1000
812.708	1001
813.223	998
813.738	999
814.252	997
814.767	1001
815.282	1000
815.796	997
816.311	997
816.826	999
817.34	1003
817.855	999
818.369	1000
818.884	1004
819.398	1002
819.913	1000
820.427	1000
820.941	1000
821.456	998
821.97	999
822.484	999
822.999	1000
823.513	1002
824.027	1003
824.542	998
825.056	998
825.57	999
826.084	1001
826.598	1002
827.113	1000
827.627	1001
828.141	1000
828.655	1002
829.169	998
829.683	1001
830.197	1001
830.711	1001
831.225	1000
831.739	1000
832.253	1000
832.767	1000
833.281	999
833.795	1003
834.308	998
834.822	999
835.336	999
835.85	1000
836.364	998
836.877	1001
837.391	1001
837.905	1000
838.418	1001
838.932	999
839.446	1001
839.959	999
840.473	1000
840.986	1000
841.5	1000
842.013	998
842.527	1000
843.04	999
843.554	1000
844.067	998
844.581	1001
845.094	998
845.607	1000
846.121	1001
846.634	999
847.147	999
847.661	999
848.174	1000
848.687	1001
849.2	998
849.714	1002
850.227	998
850.74	1000
851.253	998
851.766	997
852.279	998
852.792	998
853.305	1000
853.818	998
854.331	1000
854.844	998
855.357	998
855.87	998
856.383	999
856.896	998
857.409	997
857.921	999
858.434	1000
858.947	1001
859.46	1000
859.973	1002
860.485	1000
860.998	998
861.511	1001
862.023	1000
862.536	999
863.049	1003
863.561	1001
864.074	998
864.586	1000
865.099	1000
865.611	1000
866.124	998
866.636	1001
867.149	999
867.661	998
868.173	1000
868.686	1000
869.198	998
869.71	1000
870.223	999
870.735	998
871.247	999
871.759	998
872.272	996
872.784	999
873.296	999
873.808	1000
874.32	999
874.832	999
875.344	997
875.856	999
876.368	1003
876.88	1000
877.392	999
877.904	1001
878.416	1000
878.928	1001
879.44	997
879.952	997
880.464	1002
880.976	1001
881.487	999
881.999	999
882.511	998
883.023	998
883.534	1001
884.046	998
884.558	999
885.069	1000
885.581	999
886.093	998
886.604	999
887.116	1000
887.627	1002
888.139	998
888.65	1003
889.162	999
889.673	999
890.185	1001
890.696	999
891.207	1000
891.719	998
892.23	998
892.741	999
893.253	999
893.764	1001
894.275	999
894.786	1000
895.297	998
895.809	998
896.32	1000
896.831	1000
897.342	999
897.853	999
898.364	1001
898.875	999
899.386	999
899.897	997
900.408	1001
900.919	1000
901.43	1000
901.941	1001
902.451	1000
902.962	1000
903.473	1001
903.984	999
904.495	999
905.005	999
905.516	1001
906.027	1001
906.538	1001
907.048	999
907.559	999
908.069	999
908.58	999
909.091	1001
909.601	1002
910.112	1000
910.622	1000
911.133	1001
911.643	1000
912.154	998
912.664	998
913.174	1000
913.685	998
914.195	1000
914.705	999
915.216	997
915.726	999
916.236	999
916.746	997
917.256	1000
917.767	1000
918.277	1001
918.787	997
919.297	1000
919.807	1000
920.317	998
920.827	1000
921.337	998
921.847	1000
922.357	999
922.867	1000
923.377	999
923.887	1003
924.397	998
924.906	999
925.416	998
925.926	999
926.436	1001
926.946	997
927.455	998
927.965	998
928.475	999
928.984	1000
929.494	999
930.004	999
930.513	998
931.023	999
931.532	999
932.042	998
932.551	999
933.061	997
933.57	1001
934.08	1000
934.589	999
935.098	998
935.608	999
936.117	1002
936.626	999
937.136	997
937.645	1000
938.154	997
938.663	999
939.173	997
939.682	999
940.191	999
940.7	1001
941.209	1000
941.718	1000
942.227	1001
942.736	997
943.245	1001
943.754	999
944.263	1001
944.772	996
945.281	1001
945.79	1000
946.299	1001
946.807	998
947.316	997
947.825	1000
948.334	1001
948.843	1000
949.351	999
949.86	1000
950.369	999
950.877	1000
951.386	1000
951.894	999
952.403	1002
952.911	998
953.42	999
953.929	1000
954.437	999
954.945	1000
955.454	999
955.962	999
956.471	999
956.979	1000
957.487	1001
957.996	998
958.504	1000
959.012	1000
959.52	998
960.029	996
960.537	1000
961.045	997
961.553	1001
962.061	999
962.569	999
963.077	1003
963.585	998
