432.895	1009
433.423	1010
433.95	1008
434.478	1007
435.006	1007
435.534	1005
436.062	1007
436.589	1011
437.117	1005
437.645	1007
438.172	1004
438.7	1007
439.228	1003
439.756	1009
440.283	1009
440.811	1007
441.338	1004
441.866	1003
442.394	1008
442.921	1009
443.449	1006
443.976	1004
444.504	1006
445.031	1004
445.559	1009
446.086	1005
446.614	1003
447.141	1006
447.669	1004
448.196	1010
448.724	1005
449.251	1011
449.778	1009
450.306	1010
450.833	1010
451.361	1003
451.888	1010
452.415	1004
452.943	1006
453.47	1009
453.997	1004
454.524	1007
455.052	1007
455.579	1011
456.106	1009
456.633	1008
457.16	1009
457.688	1008
458.215	1009
458.742	1003
459.269	1006
459.796	1013
460.323	1010
460.85	1011
461.377	1010
461.904	1002
462.431	1011
462.958	1004
463.485	1008
464.012	1010
464.539	1011
465.066	1006
465.593	1007
466.12	1011
466.647	1007
467.174	1003
467.701	1007
468.228	1006
468.755	1012
469.282	1010
469.808	1009
470.335	1008
470.862	1010
471.389	1001
471.915	1009
472.442	1010
472.969	1007
473.496	1010
474.022	1004
474.549	1008
475.076	1009
475.602	1007
476.129	1007
476.656	1012
477.182	1011
477.709	1013
478.235	1009
478.762	1007
479.289	1004
479.815	1012
480.342	1013
480.868	1008
481.395	1012
481.921	1012
482.448	1008
482.974	1007
483.5	1014
484.027	1014
484.553	1011
485.08	1005
485.606	1012
486.132	1011
486.659	1009
487.185	1014
487.711	1007
488.238	1009
488.764	1011
489.29	1012
489.816	1016
490.343	1011
490.869	1015
491.395	1008
491.921	1009
492.447	1017
492.973	1012
493.5	1015
494.026	1016
494.552	1016
495.078	1018
495.604	1030
496.13	1030
496.656	1043
497.182	1052
497.708	1069
498.234	1115
498.76	1202
499.286	1462
499.812	2174
500.338	3186
500.864	4146
501.39	4458
501.916	4568
502.441	4582
502.967	4527
503.493	4502
504.019	4447
504.545	4510
505.071	4364
505.596	4341
506.122	4295
506.648	4288
507.174	4266
507.699	4238
508.225	4280
508.751	4189
509.276	4209
509.802	4159
510.328	4184
510.853	4166
511.379	4113
511.904	4043
512.43	4051
512.955	4069
513.481	4062
514.006	4087
514.532	4089
515.057	4132
515.583	4229
516.108	4239
516.634	4223
517.159	4204
517.685	4341
518.21	4255
518.735	4339
519.261	4356
519.786	4462
520.311	4518
520.837	4678
521.362	4671
521.887	4774
522.413	4915
522.938	4902
523.463	5070
523.988	5091
524.513	5258
525.039	5354
525.564	5490
526.089	5658
526.614	5768
527.139	5993
527.664	6230
528.189	6269
528.714	6235
529.24	6406
529.765	6407
530.29	6447
530.815	6534
531.34	6623
531.865	6666
532.389	6857
532.914	7002
533.439	7129
533.964	7323
534.489	7624
535.014	7871
535.539	8034
536.064	8250
536.588	8224
537.113	8140
537.638	7981
538.163	7920
538.688	7802
539.212	7662
539.737	7642
540.262	7556
540.786	7517
541.311	7391
541.836	7326
542.36	7436
542.885	7289
543.41	7201
543.934	7142
544.459	7116
544.983	7032
545.508	6931
546.032	6733
546.557	6590
547.081	6652
547.606	6572
548.13	6624
548.655	6485
549.179	6588
549.704	6557
550.228	6526
550.752	6565
551.277	6436
551.801	6606
552.325	6501
552.85	6515
553.374	6513
553.898	6389
554.423	6624
554.947	6619
555.471	6756
555.995	6716
556.519	6802
557.044	6843
557.568	6940
558.092	6974
558.616	7029
559.14	7166
559.664	7278
560.188	7333
560.712	7469
561.236	7656
561.76	7763
562.284	7928
562.808	7980
563.332	8154
563.856	8338
564.38	8522
564.904	8824
565.428	8941
565.952	8996
566.476	9185
567	9515
567.523	9809
568.047	9925
568.571	10141
569.095	10369
569.619	10616
570.142	10840
570.666	11098
571.19	11242
571.714	11491
572.237	11768
572.761	11925
573.285	12007
573.808	11996
574.332	12206
574.855	12455
575.379	12311
575.903	12566
576.426	12574
576.95	12639
577.473	12537
577.997	12440
578.52	12541
579.044	12374
579.567	12237
580.09	12132
580.614	12078
581.137	11917
581.661	11719
582.184	11604
582.707	11468
583.231	11224
583.754	11033
584.277	10844
584.8	10675
585.324	10496
585.847	10266
586.37	10054
586.893	9795
587.417	9699
587.94	9848
588.463	9860
588.986	9842
589.509	10034
590.032	10293
590.555	10130
591.078	10100
591.601	10097
592.124	10015
592.647	10020
593.17	10038
593.693	9924
594.216	9960
594.739	9871
595.262	9981
595.785	10045
596.308	10040
596.831	10022
597.354	9934
597.877	10039
598.399	10008
598.922	10066
599.445	10071
599.968	10108
600.49	10258
601.013	10338
601.536	10441
602.059	10513
602.581	10570
603.104	10718
603.627	10740
604.149	10902
604.672	10965
605.194	11297
605.717	11306
606.24	11531
606.762	11643
607.285	11805
607.807	11953
608.33	12189
608.852	12489
609.374	12578
609.897	12867
610.419	13148
610.942	13323
611.464	13524
611.986	13796
612.509	13943
613.031	14167
613.553	14516
614.076	14619
614.598	14859
615.12	14953
615.642	15133
616.165	15447
616.687	15626
617.209	15794
617.731	16119
618.253	16429
618.775	16512
619.297	16798
619.82	16920
620.342	17209
620.864	17181
621.386	17036
621.908	16996
622.43	17122
622.952	17026
623.474	17146
623.996	17061
624.518	16786
625.039	16797
625.561	16588
626.083	16596
626.605	16299
627.127	16145
627.649	15948
628.171	15911
628.692	15556
629.214	15554
629.736	15304
630.258	15043
630.779	14902
631.301	14758
631.823	14442
632.344	14409
632.866	14196
633.388	14001
633.909	13791
634.431	13708
634.952	13520
635.474	13566
635.995	13519
636.517	13350
637.038	13344
637.56	13214
638.081	13284
638.603	13168
639.124	13056
639.646	12977
640.167	12820
640.688	12935
641.21	12822
641.731	12802
642.252	12763
642.773	12671
643.295	12631
643.816	12677
644.337	12637
644.859	12656
645.38	12618
645.901	12840
646.422	12767
646.943	12806
647.464	12787
647.985	13038
648.506	13034
649.028	13077
649.549	13030
650.07	13058
650.591	13258
651.112	13309
651.633	13339
652.154	13402
652.674	13443
653.195	13580
653.716	13719
654.237	13760
654.758	13938
655.279	14068
655.8	14125
656.321	14349
656.841	14422
657.362	14513
657.883	14702
658.404	15026
658.924	15106
659.445	15543
659.966	15651
660.486	15792
661.007	15914
661.528	16227
662.048	16402
662.569	16633
663.089	16656
663.61	17046
664.13	17196
664.651	17484
665.171	17805
665.692	17946
666.212	18324
666.733	18643
667.253	18867
667.774	19278
668.294	19663
668.814	19774
669.335	19997
669.855	20250
670.375	20685
670.896	20837
671.416	20823
671.936	21185
672.456	21199
672.977	21384
673.497	21441
674.017	21568
674.537	21482
675.057	21657
675.577	21655
676.097	21650
676.617	21641
677.137	21420
677.657	21700
678.177	21572
678.698	21450
679.217	21378
679.737	21146
680.257	21215
680.777	21062
681.297	20756
681.817	20536
682.337	20327
682.857	20005
683.377	19889
683.896	19420
684.416	19298
684.936	19056
685.456	18902
685.975	18655
686.495	18374
687.015	18320
687.535	18149
688.054	17874
688.574	17676
689.093	17563
689.613	17635
690.133	17478
690.652	17329
691.172	17070
691.691	16976
692.211	17047
692.73	16709
693.25	16696
693.769	16527
694.289	16209
694.808	16128
695.327	16188
695.847	16063
696.366	15867
696.885	15767
697.405	15676
697.924	15751
698.443	15512
698.962	15524
699.482	15510
700.001	15549
700.52	15564
701.039	15534
701.558	15559
702.078	15514
702.597	15565
703.116	15546
703.635	15584
704.154	15606
704.673	15633
705.192	15625
705.711	15578
706.23	15497
706.749	15635
707.268	15428
707.787	15460
708.306	15481
708.824	15581
709.343	15472
709.862	15733
710.381	15764
710.9	15826
711.419	15974
711.937	15971
712.456	15877
712.975	16041
713.493	16046
714.012	16285
714.531	16499
715.049	16510
715.568	16696
716.087	16753
716.605	16752
717.124	17022
717.642	17062
718.161	17227
718.679	17136
719.198	17397
719.716	17541
720.235	17602
720.753	17768
721.272	17994
721.79	18000
722.308	18057
722.827	18371
723.345	18573
723.863	18687
724.382	19029
724.9	19105
725.418	19182
725.936	19362
726.455	19759
726.973	19876
727.491	20136
728.009	20365
728.527	20644
729.045	20666
729.563	20835
730.081	21134
730.599	21426
731.117	21398
731.635	21542
732.153	21826
732.671	22111
733.189	22046
733.707	22387
734.225	22542
734.743	22623
735.261	22922
735.779	22905
736.297	23272
736.814	23431
737.332	23453
737.85	23742
738.368	23789
738.885	23776
739.403	23802
739.921	23848
740.439	23651
740.956	23667
741.474	23757
741.991	23693
742.509	23369
743.027	23451
743.544	23413
744.062	23031
744.579	22936
745.097	22587
745.614	22435
746.131	22142
746.649	21903
747.166	21684
747.684	21512
748.201	21356
748.718	21147
749.236	20762
749.753	20702
750.27	20373
750.788	20340
751.305	20058
751.822	19739
752.339	19620
752.856	19386
753.374	19090
753.891	18948
754.408	18724
754.925	18364
755.442	18123
755.959	17966
756.476	17635
756.993	17420
757.51	17356
758.027	17063
758.544	16634
759.061	16561
759.578	16374
760.095	16415
760.612	16280
761.128	16126
761.645	16006
762.162	15934
762.679	15810
763.196	15687
763.712	15593
764.229	15390
764.746	15317
765.263	15063
765.779	14981
766.296	14919
766.812	14764
767.329	14849
767.846	14629
768.362	14553
768.879	14525
769.395	14429
769.912	14355
770.428	14188
770.945	14194
771.461	14099
771.978	14097
772.494	13924
773.01	13906
773.527	13800
774.043	13882
774.559	13605
775.076	13590
775.592	13511
776.108	13549
776.624	13470
777.141	13412
777.657	13208
778.173	13105
778.689	13103
779.205	13127
779.721	13014
780.237	13042
780.753	12922
781.27	12860
781.786	12806
782.302	12786
782.818	12682
783.333	12836
783.849	12713
784.365	12622
784.881	12731
785.397	12493
785.913	12633
786.429	12593
786.945	12579
787.46	12651
787.976	12565
788.492	12490
789.008	12499
789.523	12557
790.039	12621
790.555	12570
791.07	12524
791.586	12534
792.102	12470
792.617	12457
793.133	12511
793.648	12581
794.164	12438
794.679	12453
795.195	12480
795.71	12495
796.226	12611
796.741	12646
797.256	12667
797.772	12620
798.287	12615
798.802	12808
799.318	12809
799.833	12818
800.348	12822
800.864	12983
801.379	13142
801.894	13097
802.409	13102
802.924	13256
803.44	13390
803.955	13288
804.47	13415
804.985	13485
805.5	13541
806.015	13473
806.53	13579
807.045	13589
807.56	13517
808.075	13569
808.59	13529
809.105	13663
809.619	13790
810.134	13640
810.649	13562
811.164	13642
811.679	13624
812.194	13614
812.708	13687
813.223	13632
813.738	13597
814.252	13753
814.767	13752
815.282	13846
815.796	13620
816.311	13706
816.826	13659
817.34	13537
817.855	13544
818.369	13673
818.884	13533
819.398	13509
819.913	13439
820.427	13263
820.941	13296
821.456	13300
821.97	13009
822.484	12972
822.999	12920
823.513	12778
824.027	12802
824.542	12725
825.056	12313
825.57	12284
826.084	12198
826.598	12061
827.113	12088
827.627	11906
828.141	11809
828.655	11801
829.169	11626
829.683	11534
830.197	11537
830.711	11390
831.225	11195
831.739	11176
832.253	11070
832.767	10969
833.281	10808
833.795	10736
834.308	10631
834.822	10502
835.336	10540
835.85	10397
836.364	10331
836.877	10173
837.391	10127
837.905	10003
838.418	9965
838.932	9787
839.446	9661
839.959	9724
840.473	9668
840.986	9640
841.5	9532
842.013	9616
842.527	9417
843.04	9333
843.554	9222
844.067	9335
844.581	9259
845.094	9368
845.607	9183
846.121	9167
846.634	9120
847.147	9072
847.661	9113
848.174	9049
848.687	9015
849.2	9000
849.714	8933
850.227	8879
850.74	8967
851.253	8782
851.766	8788
852.279	8652
852.792	8813
853.305	8756
853.818	8607
854.331	8719
854.844	8756
855.357	8707
855.87	8704
856.383	8689
856.896	8652
857.409	8629
857.921	8643
858.434	8661
858.947	8676
859.46	8616
859.973	8699
860.485	8523
860.998	8523
861.511	8625
862.023	8540
862.536	8564
863.049	8552
863.561	8489
864.074	8425
864.586	8461
865.099	8491
865.611	8499
866.124	8427
866.636	8310
867.149	8470
867.661	8431
868.173	8489
868.686	8566
869.198	8468
869.71	8458
870.223	8550
870.735	8471
871.247	8433
871.759	8497
872.272	8472
872.784	8618
873.296	8525
873.808	8579
874.32	8524
874.832	8556
875.344	8539
875.856	8541
876.368	8446
876.88	8529
877.392	8542
877.904	8615
878.416	8642
878.928	8519
879.44	8616
879.952	8608
880.464	8601
880.976	8559
881.487	8652
881.999	8647
882.511	8635
883.023	8509
883.534	8575
884.046	8695
884.558	8608
885.069	8622
885.581	8831
886.093	8818
886.604	8759
887.116	8877
887.627	8848
888.139	8914
888.65	8917
889.162	9014
889.673	9002
890.185	8965
890.696	9122
891.207	9039
891.719	9275
892.23	9088
892.741	9224
893.253	9080
893.764	9108
894.275	9173
894.786	9140
895.297	9192
895.809	9265
896.32	9281
896.831	9370
897.342	9326
897.853	9267
898.364	9321
898.875	9421
899.386	9399
899.897	9369
900.408	9354
900.919	9278
901.43	9357
901.941	9344
902.451	9328
902.962	9405
903.473	9294
903.984	9236
904.495	9259
905.005	9149
905.516	9096
906.027	9063
906.538	8945
907.048	8761
907.559	8626
908.069	8045
908.58	7454
909.091	6457
909.601	5278
910.112	4295
910.622	3459
911.133	2822
911.643	2333
912.154	2048
912.664	1820
913.174	1615
913.685	1504
914.195	1427
914.705	1389
915.216	1363
915.726	1302
916.236	1300
916.746	1259
917.256	1243
917.767	1257
918.277	1228
918.787	1222
919.297	1225
919.807	1206
920.317	1202
920.827	1212
921.337	1215
921.847	1212
922.357	1225
922.867	1198
923.377	1216
923.887	1217
924.397	1222
924.906	1197
925.416	1225
925.926	1211
926.436	1212
926.946	1214
927.455	1233
927.965	1217
928.475	1242
928.984	1219
929.494	1229
930.004	1242
930.513	1231
931.023	1233
931.532	1240
932.042	1230
932.551	1223
933.061	1239
933.57	1257
934.08	1255
934.589	1225
935.098	1252
935.608	1242
936.117	1247
936.626	1248
937.136	1252
937.645	1244
938.154	1233
938.663	1261
939.173	1231
939.682	1251
940.191	1253
940.7	1220
941.209	1245
941.718	1276
942.227	1265
942.736	1235
943.245	1255
943.754	1242
944.263	1233
944.772	1276
945.281	1251
945.79	1260
946.299	1255
946.807	1253
947.316	1241
947.825	1235
948.334	1260
948.843	1265
949.351	1257
949.86	1280
950.369	1257
950.877	1265
951.386	1262
951.894	1271
952.403	1275
952.911	1267
953.42	1280
953.929	1289
954.437	1262
954.945	1274
955.454	1268
955.962	1283
956.471	1278
956.979	1297
957.487	1280
957.996	1288
958.504	1261
959.012	1297
959.52	1297
960.029	1307
960.537	1305
961.045	1295
961.553	1316
962.061	1301
962.569	1296
963.077	1289
963.585	1304
