432.895	997
433.423	999
433.95	998
434.478	1002
435.006	997
435.534	999
436.062	1002
436.589	999
437.117	1000
437.645	999
438.172	1001
438.7	1005
439.228	1000
439.756	1002
440.283	1000
440.811	997
441.338	999
441.866	999
442.394	997
442.921	1001
443.449	999
443.976	1000
444.504	1000
445.031	1000
445.559	1000
446.086	1001
446.614	1002
447.141	999
447.669	998
448.196	1001
448.724	997
449.251	999
449.778	999
450.306	998
450.833	1000
451.361	999
451.888	1000
452.415	996
452.943	996
453.47	1000
453.997	1001
454.524	1001
455.052	1001
455.579	999
456.106	999
456.633	1000
457.16	999
457.688	998
458.215	999
458.742	1000
459.269	996
459.796	996
460.323	996
460.85	995
461.377	997
461.904	1000
462.431	997
462.958	999
463.485	998
464.012	999
464.539	997
465.066	1002
465.593	999
466.12	998
466.647	996
467.174	1000
467.701	999
468.228	998
468.755	1000
469.282	1000
469.808	999
470.335	1000
470.862	997
471.389	996
471.915	1001
472.442	1000
472.969	997
473.496	1001
474.022	1000
474.549	999
475.076	1000
475.602	998
476.129	999
476.656	1000
477.182	1000
477.709	1000
478.235	1001
478.762	1001
479.289	998
479.815	998
480.342	1001
480.868	999
481.395	999
481.921	1000
482.448	998
482.974	999
483.5	1000
484.027	1000
484.553	998
485.08	1000
485.606	999
486.132	1000
486.659	1000
487.185	1004
487.711	1001
488.238	998
488.764	1001
489.29	997
489.816	997
490.343	996
490.869	1000
491.395	998
491.921	998
492.447	1001
492.973	1000
493.5	1000
494.026	999
494.552	1000
495.078	1003
495.604	1000
496.13	999
496.656	999
497.182	1000
497.708	1003
498.234	999
498.76	1002
499.286	1008
499.812	1012
500.338	1027
500.864	1052
501.39	1074
501.916	1073
502.441	1091
502.967	1085
503.493	1086
504.019	1093
504.545	1097
505.071	1093
505.596	1101
506.122	1112
506.648	1116
507.174	1106
507.699	1100
508.225	1101
508.751	1114
509.276	1119
509.802	1135
510.328	1134
510.853	1126
511.379	1124
511.904	1136
512.43	1135
512.955	1137
513.481	1134
514.006	1145
514.532	1148
515.057	1152
515.583	1139
516.108	1152
516.634	1158
517.159	1150
517.685	1164
518.21	1186
518.735	1174
519.261	1164
519.786	1181
520.311	1176
520.837	1191
521.362	1192
521.887	1200
522.413	1194
522.938	1203
523.463	1209
523.988	1225
524.513	1213
525.039	1215
525.564	1211
526.089	1208
526.614	1222
527.139	1237
527.664	1220
528.189	1237
528.714	1238
529.24	1232
529.765	1242
530.29	1226
530.815	1250
531.34	1224
531.865	1226
532.389	1228
532.914	1230
533.439	1222
533.964	1229
534.489	1243
535.014	1239
535.539	1274
536.064	1281
536.588	1268
537.113	1280
537.638	1310
538.163	1282
538.688	1282
539.212	1302
539.737	1302
540.262	1289
540.786	1310
541.311	1318
541.836	1301
542.36	1307
542.885	1335
543.41	1310
543.934	1348
544.459	1356
544.983	1342
545.508	1348
546.032	1354
546.557	1362
547.081	1342
547.606	1378
548.13	1359
548.655	1348
549.179	1381
549.704	1394
550.228	1399
550.752	1389
551.277	1404
551.801	1378
552.325	1412
552.85	1396
553.374	1409
553.898	1405
554.423	1415
554.947	1424
555.471	1407
555.995	1456
556.519	1458
557.044	1470
557.568	1457
558.092	1455
558.616	1448
559.14	1467
559.664	1465
560.188	1471
560.712	1486
561.236	1482
561.76	1480
562.284	1500
562.808	1480
563.332	1485
563.856	1515
564.38	1493
564.904	1510
565.428	1516
565.952	1532
566.476	1517
567	1531
567.523	1522
568.047	1562
568.571	1579
569.095	1583
569.619	1567
570.142	1572
570.666	1608
571.19	1554
571.714	1580
572.237	1604
572.761	1600
573.285	1623
573.808	1607
574.332	1594
574.855	1617
575.379	1615
575.903	1601
576.426	1630
576.95	1633
577.473	1654
577.997	1624
578.52	1606
579.044	1658
579.567	1651
580.09	1697
580.614	1666
581.137	1685
581.661	1626
582.184	1693
582.707	1686
583.231	1670
583.754	1678
584.277	1683
584.8	1669
585.324	1692
585.847	1730
586.37	1658
586.893	1670
587.417	1690
587.94	1711
588.463	1733
588.986	1722
589.509	1700
590.032	1706
590.555	1729
591.078	1731
591.601	1730
592.124	1746
592.647	1746
593.17	1728
593.693	1770
594.216	1774
594.739	1768
595.262	1750
595.785	1771
596.308	1743
596.831	1779
597.354	1755
597.877	1769
598.399	1756
598.922	1753
599.445	1749
599.968	1774
600.49	1768
601.013	1747
601.536	1768
602.059	1764
602.581	1753
603.104	1760
603.627	1729
604.149	1744
604.672	1746
605.194	1784
605.717	1732
606.24	1742
606.762	1762
607.285	1725
607.807	1772
608.33	1752
608.852	1776
609.374	1737
609.897	1748
610.419	1760
610.942	1753
611.464	1729
611.986	1760
612.509	1754
613.031	1755
613.553	1796
614.076	1744
614.598	1753
615.12	1733
615.642	1768
616.165	1771
616.687	1786
617.209	1744
617.731	1747
618.253	1788
618.775	1726
619.297	1755
619.82	1752
620.342	1737
620.864	1764
621.386	1737
621.908	1747
622.43	1756
622.952	1770
623.474	1801
623.996	1784
624.518	1781
625.039	1775
625.561	1806
626.083	1779
626.605	1794
627.127	1770
627.649	1792
628.171	1762
628.692	1791
629.214	1814
629.736	1780
630.258	1795
630.779	1817
631.301	1802
631.823	1804
632.344	1822
632.866	1827
633.388	1820
633.909	1813
634.431	1814
634.952	1837
635.474	1826
635.995	1820
636.517	1816
637.038	1807
637.56	1829
638.081	1811
638.603	1820
639.124	1819
639.646	1846
640.167	1865
640.688	1853
641.21	1833
641.731	1857
642.252	1853
642.773	1874
643.295	1884
643.816	1861
644.337	1859
644.859	1857
645.38	1881
645.901	1879
646.422	1885
646.943	1891
647.464	1885
647.985	1898
648.506	1925
649.028	1915
649.549	1884
650.07	1896
650.591	1908
651.112	1907
651.633	1902
652.154	1876
652.674	1912
653.195	1916
653.716	1935
654.237	1924
654.758	1952
655.279	1943
655.8	1935
656.321	1903
656.841	1948
657.362	1902
657.883	1948
658.404	1961
658.924	1941
659.445	1933
659.966	1990
660.486	1962
661.007	1990
661.528	1969
662.048	1936
662.569	1975
663.089	1975
663.61	1979
664.13	1965
664.651	2009
665.171	1978
665.692	1984
666.212	1996
666.733	1980
667.253	2010
667.774	1977
668.294	2050
668.814	2024
669.335	2046
669.855	1993
670.375	2043
670.896	2065
671.416	2040
671.936	2036
672.456	2006
672.977	2083
673.497	2047
674.017	2048
674.537	2074
675.057	2060
675.577	2059
676.097	2048
676.617	2045
677.137	2040
677.657	2056
678.177	2037
678.698	2025
679.217	2073
679.737	2064
680.257	2108
680.777	2082
681.297	2074
681.817	2093
682.337	2082
682.857	2073
683.377	2078
683.896	2110
684.416	2109
684.936	2078
685.456	2082
685.975	2133
686.495	2092
687.015	2107
687.535	2122
688.054	2121
688.574	2117
689.093	2165
689.613	2133
690.133	2117
690.652	2179
691.172	2127
691.691	2172
692.211	2192
692.73	2203
693.25	2206
693.769	2201
694.289	2182
694.808	2176
695.327	2185
695.847	2238
696.366	2234
696.885	2240
697.405	2236
697.924	2202
698.443	2240
698.962	2248
699.482	2234
700.001	2287
700.52	2278
701.039	2255
701.558	2271
702.078	2301
702.597	2301
703.116	2278
703.635	2379
704.154	2324
704.673	2380
705.192	2368
705.711	2328
706.23	2309
706.749	2318
707.268	2352
707.787	2371
708.306	2391
708.824	2385
709.343	2394
709.862	2364
710.381	2401
710.9	2433
711.419	2378
711.937	2406
712.456	2412
712.975	2391
713.493	2481
714.012	2433
714.531	2428
715.049	2431
715.568	2411
716.087	2454
716.605	2431
717.124	2485
717.642	2452
718.161	2487
718.679	2471
719.198	2437
719.716	2489
720.235	2478
720.753	2517
721.272	2529
721.79	2526
722.308	2498
722.827	2483
723.345	2508
723.863	2506
724.382	2500
724.9	2561
725.418	2543
725.936	2499
726.455	2559
726.973	2495
727.491	2517
728.009	2492
728.527	2505
729.045	2564
729.563	2569
730.081	2550
730.599	2460
731.117	2536
731.635	2479
732.153	2534
732.671	2498
733.189	2538
733.707	2549
734.225	2498
734.743	2586
735.261	2543
735.779	2526
736.297	2584
736.814	2532
737.332	2560
737.85	2511
738.368	2559
738.885	2613
739.403	2596
739.921	2607
740.439	2601
740.956	2568
741.474	2544
741.991	2598
742.509	2602
743.027	2619
743.544	2591
744.062	2609
744.579	2596
745.097	2571
745.614	2581
746.131	2643
746.649	2585
747.166	2658
747.684	2576
748.201	2598
748.718	2603
749.236	2617
749.753	2651
750.27	2606
750.788	2616
751.305	2616
751.822	2642
752.339	2678
752.856	2675
753.374	2688
753.891	2729
754.408	2724
754.925	2658
755.442	2654
755.959	2666
756.476	2679
756.993	2654
757.51	2627
758.027	2601
758.544	2643
759.061	2669
759.578	2623
760.095	2639
760.612	2681
761.128	2689
761.645	2651
762.162	2682
762.679	2638
763.196	2697
763.712	2668
764.229	2711
764.746	2748
765.263	2673
765.779	2659
766.296	2662
766.812	2688
767.329	2737
767.846	2662
768.362	2680
768.879	2624
769.395	2677
769.912	2707
770.428	2658
770.945	2645
771.461	2695
771.978	2706
772.494	2684
773.01	2682
773.527	2635
774.043	2654
774.559	2661
775.076	2627
775.592	2643
776.108	2698
776.624	2645
777.141	2620
777.657	2624
778.173	2632
778.689	2616
779.205	2571
779.721	2599
780.237	2578
780.753	2599
781.27	2575
781.786	2587
782.302	2597
782.818	2619
783.333	2633
783.849	2608
784.365	2572
784.881	2582
785.397	2574
785.913	2612
786.429	2633
786.945	2592
787.46	2642
787.976	2533
788.492	2529
789.008	2563
789.523	2571
790.039	2590
790.555	2578
791.07	2548
791.586	2601
792.102	2586
792.617	2539
793.133	2534
793.648	2596
794.164	2515
794.679	2519
795.195	2522
795.71	2533
796.226	2500
796.741	2508
797.256	2544
797.772	2535
798.287	2554
798.802	2511
799.318	2515
799.833	2557
800.348	2554
800.864	2531
801.379	2552
801.894	2543
802.409	2512
802.924	2556
803.44	2540
803.955	2547
804.47	2530
804.985	2559
805.5	2535
806.015	2532
806.53	2595
807.045	2558
807.56	2557
808.075	2504
808.59	2447
809.105	2548
809.619	2538
810.134	2475
810.649	2464
811.164	2470
811.679	2447
812.194	2478
812.708	2446
813.223	2467
813.738	2449
814.252	2465
814.767	2471
815.282	2456
815.796	2480
816.311	2455
816.826	2465
817.34	2472
817.855	2466
818.369	2498
818.884	2487
819.398	2490
819.913	2525
820.427	2524
820.941	2484
821.456	2455
821.97	2471
822.484	2496
822.999	2417
823.513	2474
824.027	2458
824.542	2446
825.056	2382
825.57	2454
826.084	2468
826.598	2454
827.113	2438
827.627	2416
828.141	2442
828.655	2472
829.169	2476
829.683	2437
830.197	2413
830.711	2473
831.225	2457
831.739	2413
832.253	2465
832.767	2455
833.281	2466
833.795	2445
834.308	2462
834.822	2447
835.336	2420
835.85	2465
836.364	2449
836.877	2407
837.391	2429
837.905	2454
838.418	2456
838.932	2419
839.446	2467
839.959	2415
840.473	2423
840.986	2458
841.5	2408
842.013	2430
842.527	2450
843.04	2451
843.554	2483
844.067	2436
844.581	2454
845.094	2450
845.607	2405
846.121	2467
846.634	2460
847.147	2444
847.661	2488
848.174	2531
848.687	2532
849.2	2495
849.714	2512
850.227	2502
850.74	2459
851.253	2497
851.766	2487
852.279	2494
852.792	2512
853.305	2493
853.818	2550
854.331	2474
854.844	2514
855.357	2518
855.87	2502
856.383	2528
856.896	2556
857.409	2501
857.921	2547
858.434	2525
858.947	2509
859.46	2556
859.973	2544
860.485	2543
860.998	2471
861.511	2559
862.023	2498
862.536	2531
863.049	2497
863.561	2477
864.074	2569
864.586	2506
865.099	2553
865.611	2540
866.124	2520
866.636	2581
867.149	2565
867.661	2536
868.173	2517
868.686	2533
869.198	2524
869.71	2534
870.223	2503
870.735	2527
871.247	2532
871.759	2557
872.272	2543
872.784	2542
873.296	2558
873.808	2514
874.32	2570
874.832	2555
875.344	2526
875.856	2543
876.368	2562
876.88	2555
877.392	2576
877.904	2576
878.416	2582
878.928	2570
879.44	2518
879.952	2531
880.464	2511
880.976	2554
881.487	2499
881.999	2468
882.511	2492
883.023	2536
883.534	2512
884.046	2496
884.558	2427
885.069	2490
885.581	2528
886.093	2508
886.604	2513
887.116	2536
887.627	2521
888.139	2526
888.65	2504
889.162	2487
889.673	2520
890.185	2467
890.696	2527
891.207	2504
891.719	2517
892.23	2457
892.741	2456
893.253	2521
893.764	2484
894.275	2434
894.786	2504
895.297	2498
895.809	2495
896.32	2439
896.831	2427
897.342	2483
897.853	2497
898.364	2478
898.875	2425
899.386	2425
899.897	2444
900.408	2450
900.919	2510
901.43	2443
901.941	2377
902.451	2456
902.962	2456
903.473	2460
903.984	2464
904.495	2398
905.005	2403
905.516	2412
906.027	2378
906.538	2423
907.048	2368
907.559	2318
908.069	2249
908.58	2221
909.091	2073
909.601	1926
910.112	1698
910.622	1503
911.133	1325
911.643	1212
912.154	1122
912.664	1070
913.174	1047
913.685	1039
914.195	1025
914.705	1021
915.216	1015
915.726	1011
916.236	1013
916.746	1007
917.256	1009
917.767	1009
918.277	1010
918.787	1010
919.297	1008
919.807	1008
920.317	1009
920.827	1007
921.337	1009
921.847	1011
922.357	1008
922.867	1008
923.377	1007
923.887	1007
924.397	1006
924.906	1006
925.416	1004
925.926	1009
926.436	1009
926.946	1007
927.455	1005
927.965	1008
928.475	1005
928.984	1010
929.494	1006
930.004	1007
930.513	1007
931.023	1009
931.532	1008
932.042	1008
932.551	1009
933.061	1005
933.57	1004
934.08	1005
934.589	1009
935.098	1010
935.608	1012
936.117	1008
936.626	1010
937.136	1007
937.645	1007
938.154	1011
938.663	1007
939.173	1011
939.682	1001
940.191	1011
940.7	1006
941.209	1010
941.718	1006
942.227	1012
942.736	1008
943.245	1012
943.754	1007
944.263	1009
944.772	1010
945.281	1008
945.79	1016
946.299	1007
946.807	1010
947.316	1008
947.825	1013
948.334	1010
948.843	1012
949.351	1018
949.86	1015
950.369	1019
950.877	1020
951.386	1023
951.894	1019
952.403	1027
952.911	1016
953.42	1021
953.929	1019
954.437	1022
954.945	1017
955.454	1018
955.962	1022
956.471	1010
956.979	1020
957.487	1015
957.996	1010
958.504	1012
959.012	1014
959.52	1018
960.029	1013
960.537	1018
961.045	1009
961.553	1013
962.061	1016
962.569	1016
963.077	1018
963.585	1024
