432.895	1000
433.423	998
433.95	999
434.478	1000
435.006	997
435.534	999
436.062	1000
436.589	1001
437.117	998
437.645	1001
438.172	997
438.7	1000
439.228	999
439.756	999
440.283	1000
440.811	1000
441.338	998
441.866	998
442.394	999
442.921	1001
443.449	998
443.976	1003
444.504	1003
445.031	1001
445.559	1000
446.086	998
446.614	1001
447.141	1000
447.669	998
448.196	1002
448.724	1000
449.251	999
449.778	999
450.306	1000
450.833	1000
451.361	997
451.888	1002
452.415	1003
452.943	999
453.47	998
453.997	999
454.524	1002
455.052	999
455.579	995
456.106	997
456.633	1000
457.16	1000
457.688	1000
458.215	1000
458.742	999
459.269	999
459.796	1001
460.323	1001
460.85	1000
461.377	1001
461.904	1000
462.431	1000
462.958	999
463.485	1002
464.012	1000
464.539	1000
465.066	1001
465.593	993
466.12	1001
466.647	1001
467.174	1002
467.701	998
468.228	1001
468.755	999
469.282	1000
469.808	998
470.335	1003
470.862	1000
471.389	997
471.915	1000
472.442	1002
472.969	1001
473.496	1000
474.022	999
474.549	1003
475.076	998
475.602	1002
476.129	998
476.656	1001
477.182	1000
477.709	1001
478.235	1000
478.762	1003
479.289	1000
479.815	1000
480.342	1000
480.868	1003
481.395	1000
481.921	1001
482.448	999
482.974	1001
483.5	998
484.027	1001
484.553	997
485.08	1000
485.606	998
486.132	1002
486.659	1002
487.185	1000
487.711	999
488.238	1000
488.764	999
489.29	998
489.816	999
490.343	997
490.869	999
491.395	999
491.921	999
492.447	999
492.973	999
493.5	998
494.026	1000
494.552	998
495.078	999
495.604	1001
496.13	998
496.656	1001
497.182	999
497.708	1000
498.234	998
498.76	999
499.286	999
499.812	1003
500.338	1002
500.864	999
501.39	999
501.916	1003
502.441	998
502.967	1002
503.493	998
504.019	1002
504.545	1000
505.071	1003
505.596	1004
506.122	1000
506.648	1007
507.174	1001
507.699	1000
508.225	1001
508.751	1006
509.276	1009
509.802	1007
510.328	1003
510.853	1003
511.379	1008
511.904	999
512.43	1003
512.955	1005
513.481	1003
514.006	1005
514.532	1004
515.057	1002
515.583	1003
516.108	1005
516.634	1000
517.159	1005
517.685	1004
518.21	1008
518.735	1006
519.261	1001
519.786	1007
520.311	1007
520.837	1007
521.362	1007
521.887	1010
522.413	1003
522.938	1010
523.463	1009
523.988	1014
524.513	1009
525.039	1010
525.564	1011
526.089	1012
526.614	1020
527.139	1012
527.664	1015
528.189	1013
528.714	1013
529.24	1022
529.765	1015
530.29	1018
530.815	1012
531.34	1019
531.865	1022
532.389	1020
532.914	1023
533.439	1021
533.964	1024
534.489	1024
535.014	1026
535.539	1032
536.064	1023
536.588	1029
537.113	1031
537.638	1030
538.163	1037
538.688	1037
539.212	1037
539.737	1029
540.262	1038
540.786	1033
541.311	1033
541.836	1028
542.36	1037
542.885	1032
543.41	1031
543.934	1033
544.459	1041
544.983	1030
545.508	1029
546.032	1032
546.557	1036
547.081	1034
547.606	1035
548.13	1040
548.655	1033
549.179	1039
549.704	1036
550.228	1034
550.752	1041
551.277	1044
551.801	1048
552.325	1051
552.85	1037
553.374	1045
553.898	1047
554.423	1043
554.947	1046
555.471	1052
555.995	1054
556.519	1052
557.044	1044
557.568	1057
558.092	1047
558.616	1059
559.14	1062
559.664	1062
560.188	1063
560.712	1063
561.236	1060
561.76	1074
562.284	1063
562.808	1063
563.332	1068
563.856	1086
564.38	1073
564.904	1088
565.428	1092
565.952	1109
566.476	1101
567	1097
567.523	1095
568.047	1113
568.571	1116
569.095	1107
569.619	1118
570.142	1109
570.666	1124
571.19	1120
571.714	1136
572.237	1127
572.761	1145
573.285	1135
573.808	1137
574.332	1146
574.855	1139
575.379	1142
575.903	1143
576.426	1145
576.95	1148
577.473	1135
577.997	1157
578.52	1156
579.044	1156
579.567	1129
580.09	1134
580.614	1128
581.137	1139
581.661	1145
582.184	1140
582.707	1134
583.231	1135
583.754	1141
584.277	1123
584.8	1129
585.324	1119
585.847	1137
586.37	1125
586.893	1126
587.417	1113
587.94	1128
588.463	1149
588.986	1123
589.509	1132
590.032	1129
590.555	1134
591.078	1132
591.601	1138
592.124	1134
592.647	1146
593.17	1144
593.693	1134
594.216	1148
594.739	1133
595.262	1156
595.785	1138
596.308	1144
596.831	1147
597.354	1151
597.877	1164
598.399	1153
598.922	1170
599.445	1158
599.968	1155
600.49	1158
601.013	1169
601.536	1164
602.059	1156
602.581	1172
603.104	1160
603.627	1170
604.149	1175
604.672	1204
605.194	1185
605.717	1196
606.24	1189
606.762	1202
607.285	1198
607.807	1209
608.33	1202
608.852	1234
609.374	1214
609.897	1220
610.419	1221
610.942	1238
611.464	1249
611.986	1243
612.509	1244
613.031	1260
613.553	1270
614.076	1286
614.598	1290
615.12	1263
615.642	1267
616.165	1280
616.687	1297
617.209	1294
617.731	1299
618.253	1303
618.775	1296
619.297	1305
619.82	1333
620.342	1287
620.864	1319
621.386	1306
621.908	1326
622.43	1311
622.952	1285
623.474	1301
623.996	1310
624.518	1283
625.039	1283
625.561	1264
626.083	1283
626.605	1283
627.127	1302
627.649	1275
628.171	1283
628.692	1280
629.214	1258
629.736	1283
630.258	1253
630.779	1272
631.301	1260
631.823	1261
632.344	1260
632.866	1253
633.388	1246
633.909	1267
634.431	1252
634.952	1262
635.474	1254
635.995	1248
636.517	1239
637.038	1247
637.56	1237
638.081	1244
638.603	1245
639.124	1242
639.646	1250
640.167	1243
640.688	1255
641.21	1235
641.731	1242
642.252	1244
642.773	1229
643.295	1253
643.816	1239
644.337	1268
644.859	1240
645.38	1254
645.901	1243
646.422	1235
646.943	1229
647.464	1282
647.985	1268
648.506	1252
649.028	1254
649.549	1279
650.07	1259
650.591	1276
651.112	1275
651.633	1277
652.154	1251
652.674	1267
653.195	1265
653.716	1272
654.237	1296
654.758	1240
655.279	1278
655.8	1285
656.321	1301
656.841	1305
657.362	1315
657.883	1305
658.404	1318
658.924	1329
659.445	1333
659.966	1313
660.486	1326
661.007	1341
661.528	1330
662.048	1355
662.569	1340
663.089	1369
663.61	1346
664.13	1366
664.651	1374
665.171	1349
665.692	1381
666.212	1392
666.733	1385
667.253	1405
667.774	1428
668.294	1413
668.814	1417
669.335	1452
669.855	1455
670.375	1433
670.896	1418
671.416	1468
671.936	1446
672.456	1475
672.977	1468
673.497	1464
674.017	1453
674.537	1453
675.057	1469
675.577	1442
676.097	1447
676.617	1454
677.137	1427
677.657	1482
678.177	1439
678.698	1435
679.217	1446
679.737	1446
680.257	1425
680.777	1421
681.297	1396
681.817	1406
682.337	1417
682.857	1401
683.377	1389
683.896	1388
684.416	1383
684.936	1395
685.456	1367
685.975	1339
686.495	1378
687.015	1379
687.535	1355
688.054	1355
688.574	1343
689.093	1368
689.613	1339
690.133	1335
690.652	1341
691.172	1366
691.691	1338
692.211	1335
692.73	1375
693.25	1328
693.769	1327
694.289	1340
694.808	1319
695.327	1318
695.847	1308
696.366	1334
696.885	1328
697.405	1321
697.924	1312
698.443	1311
698.962	1318
699.482	1335
700.001	1337
700.52	1327
701.039	1308
701.558	1320
702.078	1326
702.597	1329
703.116	1332
703.635	1344
704.154	1347
704.673	1331
705.192	1322
705.711	1320
706.23	1349
706.749	1315
707.268	1318
707.787	1362
708.306	1347
708.824	1331
709.343	1342
709.862	1355
710.381	1343
710.9	1332
711.419	1348
711.937	1341
712.456	1351
712.975	1348
713.493	1374
714.012	1363
714.531	1364
715.049	1378
715.568	1353
716.087	1391
716.605	1402
717.124	1371
717.642	1380
718.161	1375
718.679	1393
719.198	1379
719.716	1393
720.235	1437
720.753	1407
721.272	1395
721.79	1423
722.308	1393
722.827	1416
723.345	1439
723.863	1462
724.382	1432
724.9	1417
725.418	1427
725.936	1467
726.455	1452
726.973	1484
727.491	1457
728.009	1447
728.527	1493
729.045	1477
729.563	1484
730.081	1503
730.599	1483
731.117	1525
731.635	1510
732.153	1505
732.671	1560
733.189	1500
733.707	1513
734.225	1505
734.743	1533
735.261	1530
735.779	1533
736.297	1521
736.814	1547
737.332	1533
737.85	1578
738.368	1556
738.885	1546
739.403	1521
739.921	1542
740.439	1547
740.956	1545
741.474	1546
741.991	1524
742.509	1534
743.027	1533
743.544	1504
744.062	1519
744.579	1514
745.097	1494
745.614	1507
746.131	1511
746.649	1504
747.166	1451
747.684	1466
748.201	1460
748.718	1480
749.236	1484
749.753	1445
750.27	1449
750.788	1417
751.305	1449
751.822	1443
752.339	1437
752.856	1441
753.374	1389
753.891	1438
754.408	1407
754.925	1410
755.442	1405
755.959	1396
756.476	1413
756.993	1368
757.51	1396
758.027	1403
758.544	1385
759.061	1368
759.578	1387
760.095	1359
760.612	1372
761.128	1383
761.645	1364
762.162	1358
762.679	1371
763.196	1360
763.712	1362
764.229	1354
764.746	1366
765.263	1344
765.779	1337
766.296	1356
766.812	1341
767.329	1324
767.846	1356
768.362	1345
768.879	1336
769.395	1358
769.912	1351
770.428	1330
770.945	1331
771.461	1355
771.978	1354
772.494	1308
773.01	1326
773.527	1324
774.043	1326
774.559	1328
775.076	1326
775.592	1315
776.108	1336
776.624	1354
777.141	1333
777.657	1309
778.173	1310
778.689	1321
779.205	1295
779.721	1321
780.237	1306
780.753	1285
781.27	1327
781.786	1316
782.302	1315
782.818	1335
783.333	1310
783.849	1322
784.365	1307
784.881	1321
785.397	1318
785.913	1308
786.429	1301
786.945	1322
787.46	1325
787.976	1335
788.492	1316
789.008	1334
789.523	1320
790.039	1322
790.555	1340
791.07	1324
791.586	1335
792.102	1326
792.617	1303
793.133	1313
793.648	1334
794.164	1347
794.679	1316
795.195	1330
795.71	1319
796.226	1337
796.741	1341
797.256	1329
797.772	1330
798.287	1344
798.802	1328
799.318	1326
799.833	1340
800.348	1322
800.864	1345
801.379	1349
801.894	1349
802.409	1359
802.924	1329
803.44	1379
803.955	1406
804.47	1384
804.985	1359
805.5	1377
806.015	1351
806.53	1362
807.045	1376
807.56	1369
808.075	1390
808.59	1362
809.105	1364
809.619	1388
810.134	1370
810.649	1362
811.164	1377
811.679	1355
812.194	1378
812.708	1351
813.223	1359
813.738	1368
814.252	1384
814.767	1381
815.282	1386
815.796	1410
816.311	1368
816.826	1386
817.34	1373
817.855	1366
818.369	1368
818.884	1368
819.398	1372
819.913	1378
820.427	1381
820.941	1372
821.456	1359
821.97	1360
822.484	1332
822.999	1353
823.513	1366
824.027	1344
824.542	1357
825.056	1345
825.57	1342
826.084	1332
826.598	1331
827.113	1313
827.627	1326
828.141	1346
828.655	1324
829.169	1331
829.683	1299
830.197	1323
830.711	1297
831.225	1302
831.739	1307
832.253	1291
832.767	1318
833.281	1304
833.795	1276
834.308	1308
834.822	1302
835.336	1297
835.85	1288
836.364	1312
836.877	1299
837.391	1303
837.905	1286
838.418	1295
838.932	1283
839.446	1275
839.959	1297
840.473	1284
840.986	1277
841.5	1269
842.013	1280
842.527	1263
843.04	1267
843.554	1274
844.067	1273
844.581	1254
845.094	1262
845.607	1242
846.121	1292
846.634	1272
847.147	1279
847.661	1255
848.174	1267
848.687	1268
849.2	1270
849.714	1247
850.227	1284
850.74	1251
851.253	1272
851.766	1252
852.279	1255
852.792	1285
853.305	1261
853.818	1278
854.331	1259
854.844	1241
855.357	1269
855.87	1278
856.383	1278
856.896	1276
857.409	1272
857.921	1259
858.434	1276
858.947	1268
859.46	1270
859.973	1275
860.485	1282
860.998	1261
861.511	1280
862.023	1299
862.536	1267
863.049	1264
863.561	1262
864.074	1258
864.586	1291
865.099	1271
865.611	1276
866.124	1263
866.636	1292
867.149	1260
867.661	1295
868.173	1281
868.686	1269
869.198	1279
869.71	1298
870.223	1275
870.735	1280
871.247	1277
871.759	1286
872.272	1288
872.784	1288
873.296	1306
873.808	1282
874.32	1302
874.832	1316
875.344	1283
875.856	1284
876.368	1306
876.88	1299
877.392	1298
877.904	1290
878.416	1333
878.928	1303
879.44	1303
879.952	1291
880.464	1288
880.976	1306
881.487	1320
881.999	1312
882.511	1297
883.023	1308
883.534	1298
884.046	1286
884.558	1327
885.069	1323
885.581	1312
886.093	1308
886.604	1326
887.116	1347
887.627	1301
888.139	1327
888.65	1305
889.162	1332
889.673	1322
890.185	1358
890.696	1322
891.207	1318
891.719	1345
892.23	1348
892.741	1353
893.253	1319
893.764	1307
894.275	1335
894.786	1356
895.297	1369
895.809	1349
896.32	1337
896.831	1350
897.342	1389
897.853	1369
898.364	1361
898.875	1347
899.386	1367
899.897	1349
900.408	1349
900.919	1338
901.43	1354
901.941	1368
902.451	1355
902.962	1372
903.473	1368
903.984	1365
904.495	1357
905.005	1354
905.516	1355
906.027	1322
906.538	1353
907.048	1342
907.559	1339
908.069	1314
908.58	1280
909.091	1216
909.601	1171
910.112	1133
910.622	1096
911.133	1060
911.643	1044
912.154	1035
912.664	1025
913.174	1019
913.685	1013
914.195	1014
914.705	1013
915.216	1007
915.726	1019
916.236	1010
916.746	1006
917.256	1007
917.767	1006
918.277	1007
918.787	1009
919.297	1004
919.807	1007
920.317	1005
920.827	1004
921.337	1004
921.847	1006
922.357	1006
922.867	1013
923.377	1004
923.887	1007
924.397	1010
924.906	1007
925.416	1006
925.926	1005
926.436	1008
926.946	1014
927.455	1006
927.965	1012
928.475	1004
928.984	1006
929.494	1010
930.004	1011
930.513	1008
931.023	1006
931.532	1006
932.042	1011
932.551	1004
933.061	1005
933.57	1011
934.08	1009
934.589	1011
935.098	1009
935.608	1006
936.117	1014
936.626	1007
937.136	1012
937.645	1008
938.154	1009
938.663	1008
939.173	1015
939.682	1009
940.191	1011
940.7	1011
941.209	1014
941.718	1007
942.227	1012
942.736	1008
943.245	1014
943.754	1011
944.263	1009
944.772	1010
945.281	1008
945.79	1013
946.299	1008
946.807	1011
947.316	1015
947.825	1012
948.334	1012
948.843	1016
949.351	1011
949.86	1018
950.369	1020
950.877	1021
951.386	1026
951.894	1028
952.403	1028
952.911	1032
953.42	1036
953.929	1028
954.437	1029
954.945	1035
955.454	1029
955.962	1025
956.471	1022
956.979	1026
957.487	1030
957.996	1024
958.504	1026
959.012	1022
959.52	1025
960.029	1021
960.537	1031
961.045	1022
961.553	1026
962.061	1026
962.569	1023
963.077	1030
963.585	1025
