432.895	998
433.423	1003
433.95	1001
434.478	998
435.006	1000
435.534	1001
436.062	1001
436.589	1000
437.117	999
437.645	1001
438.172	1003
438.7	1000
439.228	1001
439.756	1002
440.283	999
440.811	1001
441.338	999
441.866	1000
442.394	998
442.921	1000
443.449	999
443.976	1000
444.504	1002
445.031	999
445.559	998
446.086	998
446.614	1002
447.141	999
447.669	998
448.196	999
448.724	999
449.251	1000
449.778	999
450.306	1001
450.833	1000
451.361	1003
451.888	1000
452.415	999
452.943	998
453.47	997
453.997	1002
454.524	1002
455.052	1000
455.579	999
456.106	1001
456.633	1001
457.16	1000
457.688	1004
458.215	997
458.742	1000
459.269	1002
459.796	1001
460.323	999
460.85	1002
461.377	998
461.904	1000
462.431	1001
462.958	998
463.485	1000
464.012	999
464.539	1000
465.066	1002
465.593	998
466.12	999
466.647	1002
467.174	1001
467.701	1001
468.228	1001
468.755	1002
469.282	1000
469.808	1002
470.335	1000
470.862	999
471.389	1001
471.915	1001
472.442	999
472.969	1001
473.496	1001
474.022	998
474.549	999
475.076	998
475.602	1001
476.129	1001
476.656	1000
477.182	1002
477.709	1003
478.235	999
478.762	1002
479.289	999
479.815	1001
480.342	999
480.868	1003
481.395	999
481.921	997
482.448	996
482.974	1002
483.5	1000
484.027	999
484.553	999
485.08	996
485.606	1001
486.132	997
486.659	998
487.185	1000
487.711	1002
488.238	1001
488.764	997
489.29	999
489.816	1000
490.343	1001
490.869	1001
491.395	998
491.921	1000
492.447	1000
492.973	1003
493.5	1000
494.026	1000
494.552	1001
495.078	1000
495.604	1001
496.13	999
496.656	1000
497.182	999
497.708	1002
498.234	998
498.76	1002
499.286	1002
499.812	1002
500.338	1003
500.864	1009
501.39	1006
501.916	1006
502.441	1008
502.967	1005
503.493	1004
504.019	1009
504.545	1005
505.071	1011
505.596	1007
506.122	1006
506.648	1010
507.174	1010
507.699	1011
508.225	1007
508.751	1009
509.276	1009
509.802	1006
510.328	1009
510.853	1005
511.379	1003
511.904	1009
512.43	1009
512.955	1012
513.481	1004
514.006	1011
514.532	1011
515.057	1010
515.583	1007
516.108	1006
516.634	1008
517.159	1007
517.685	1011
518.21	1011
518.735	1007
519.261	1013
519.786	1010
520.311	1013
520.837	1015
521.362	1016
521.887	1016
522.413	1021
522.938	1016
523.463	1020
523.988	1020
524.513	1016
525.039	1025
525.564	1028
526.089	1032
526.614	1031
527.139	1035
527.664	1032
528.189	1035
528.714	1045
529.24	1038
529.765	1050
530.29	1047
530.815	1053
531.34	1052
531.865	1056
532.389	1062
532.914	1053
533.439	1074
533.964	1070
534.489	1080
535.014	1068
535.539	1085
536.064	1087
536.588	1094
537.113	1098
537.638	1087
538.163	1095
538.688	1107
539.212	1107
539.737	1115
540.262	1099
540.786	1115
541.311	1109
541.836	1099
542.36	1125
542.885	1108
543.41	1128
543.934	1124
544.459	1140
544.983	1130
545.508	1124
546.032	1115
546.557	1130
547.081	1117
547.606	1129
548.13	1137
548.655	1145
549.179	1130
549.704	1145
550.228	1150
550.752	1146
551.277	1138
551.801	1153
552.325	1155
552.85	1158
553.374	1163
553.898	1149
554.423	1159
554.947	1167
555.471	1174
555.995	1162
556.519	1176
557.044	1157
557.568	1185
558.092	1169
558.616	1197
559.14	1201
559.664	1218
560.188	1207
560.712	1213
561.236	1217
561.76	1203
562.284	1210
562.808	1231
563.332	1251
563.856	1256
564.38	1253
564.904	1265
565.428	1244
565.952	1282
566.476	1266
567	1266
567.523	1290
568.047	1278
568.571	1289
569.095	1306
569.619	1308
570.142	1301
570.666	1330
571.19	1319
571.714	1319
572.237	1321
572.761	1328
573.285	1329
573.808	1307
574.332	1312
574.855	1320
575.379	1345
575.903	1322
576.426	1327
576.95	1321
577.473	1319
577.997	1287
578.52	1304
579.044	1299
579.567	1293
580.09	1284
580.614	1298
581.137	1269
581.661	1264
582.184	1253
582.707	1254
583.231	1241
583.754	1244
584.277	1255
584.8	1212
585.324	1213
585.847	1209
586.37	1214
586.893	1192
587.417	1187
587.94	1201
588.463	1193
588.986	1208
589.509	1226
590.032	1207
590.555	1196
591.078	1201
591.601	1192
592.124	1209
592.647	1199
593.17	1175
593.693	1172
594.216	1185
594.739	1185
595.262	1180
595.785	1170
596.308	1178
596.831	1180
597.354	1175
597.877	1178
598.399	1185
598.922	1173
599.445	1176
599.968	1181
600.49	1163
601.013	1169
601.536	1186
602.059	1185
602.581	1192
603.104	1173
603.627	1180
604.149	1166
604.672	1167
605.194	1171
605.717	1201
606.24	1178
606.762	1181
607.285	1179
607.807	1181
608.33	1192
608.852	1193
609.374	1169
609.897	1194
610.419	1206
610.942	1185
611.464	1201
611.986	1171
612.509	1201
613.031	1201
613.553	1179
614.076	1186
614.598	1187
615.12	1193
615.642	1180
616.165	1179
616.687	1189
617.209	1198
617.731	1187
618.253	1193
618.775	1193
619.297	1196
619.82	1195
620.342	1176
620.864	1185
621.386	1188
621.908	1178
622.43	1171
622.952	1159
623.474	1168
623.996	1173
624.518	1170
625.039	1142
625.561	1158
626.083	1152
626.605	1162
627.127	1140
627.649	1140
628.171	1171
628.692	1159
629.214	1140
629.736	1146
630.258	1133
630.779	1128
631.301	1141
631.823	1121
632.344	1125
632.866	1124
633.388	1128
633.909	1116
634.431	1124
634.952	1118
635.474	1110
635.995	1105
636.517	1122
637.038	1117
637.56	1114
638.081	1121
638.603	1115
639.124	1122
639.646	1105
640.167	1103
640.688	1117
641.21	1120
641.731	1120
642.252	1109
642.773	1121
643.295	1112
643.816	1121
644.337	1122
644.859	1109
645.38	1110
645.901	1114
646.422	1103
646.943	1120
647.464	1117
647.985	1130
648.506	1120
649.028	1127
649.549	1125
650.07	1121
650.591	1133
651.112	1137
651.633	1132
652.154	1117
652.674	1140
653.195	1130
653.716	1148
654.237	1142
654.758	1149
655.279	1157
655.8	1135
656.321	1138
656.841	1161
657.362	1145
657.883	1146
658.404	1146
658.924	1170
659.445	1161
659.966	1165
660.486	1160
661.007	1170
661.528	1166
662.048	1172
662.569	1181
663.089	1163
663.61	1186
664.13	1176
664.651	1180
665.171	1204
665.692	1206
666.212	1219
666.733	1194
667.253	1209
667.774	1216
668.294	1219
668.814	1208
669.335	1225
669.855	1239
670.375	1229
670.896	1247
671.416	1225
671.936	1225
672.456	1225
672.977	1249
673.497	1231
674.017	1236
674.537	1242
675.057	1232
675.577	1242
676.097	1250
676.617	1243
677.137	1239
677.657	1241
678.177	1242
678.698	1230
679.217	1238
679.737	1238
680.257	1236
680.777	1236
681.297	1243
681.817	1219
682.337	1230
682.857	1208
683.377	1224
683.896	1215
684.416	1223
684.936	1223
685.456	1214
685.975	1216
686.495	1193
687.015	1208
687.535	1200
688.054	1195
688.574	1200
689.093	1186
689.613	1195
690.133	1209
690.652	1206
691.172	1211
691.691	1225
692.211	1198
692.73	1197
693.25	1203
693.769	1190
694.289	1196
694.808	1193
695.327	1176
695.847	1170
696.366	1194
696.885	1186
697.405	1177
697.924	1183
698.443	1179
698.962	1181
699.482	1193
700.001	1187
700.52	1206
701.039	1197
701.558	1178
702.078	1201
702.597	1195
703.116	1201
703.635	1203
704.154	1188
704.673	1186
705.192	1211
705.711	1197
706.23	1195
706.749	1178
707.268	1197
707.787	1191
708.306	1185
708.824	1200
709.343	1209
709.862	1197
710.381	1199
710.9	1215
711.419	1198
711.937	1207
712.456	1194
712.975	1219
713.493	1207
714.012	1204
714.531	1212
715.049	1220
715.568	1221
716.087	1211
716.605	1218
717.124	1238
717.642	1240
718.161	1240
718.679	1220
719.198	1245
719.716	1235
720.235	1231
720.753	1235
721.272	1263
721.79	1233
722.308	1255
722.827	1235
723.345	1229
723.863	1241
724.382	1235
724.9	1240
725.418	1273
725.936	1265
726.455	1266
726.973	1267
727.491	1262
728.009	1264
728.527	1260
729.045	1273
729.563	1280
730.081	1280
730.599	1279
731.117	1287
731.635	1307
732.153	1283
732.671	1305
733.189	1287
733.707	1300
734.225	1301
734.743	1295
735.261	1294
735.779	1313
736.297	1298
736.814	1303
737.332	1293
737.85	1313
738.368	1314
738.885	1298
739.403	1330
739.921	1297
740.439	1321
740.956	1314
741.474	1314
741.991	1316
742.509	1307
743.027	1307
743.544	1305
744.062	1304
744.579	1277
745.097	1287
745.614	1285
746.131	1286
746.649	1256
747.166	1261
747.684	1305
748.201	1259
748.718	1278
749.236	1260
749.753	1267
750.27	1261
750.788	1254
751.305	1267
751.822	1260
752.339	1261
752.856	1248
753.374	1248
753.891	1248
754.408	1246
754.925	1249
755.442	1251
755.959	1235
756.476	1209
756.993	1213
757.51	1230
758.027	1208
758.544	1209
759.061	1219
759.578	1208
760.095	1217
760.612	1194
761.128	1206
761.645	1190
762.162	1189
762.679	1196
763.196	1198
763.712	1179
764.229	1200
764.746	1176
765.263	1182
765.779	1199
766.296	1189
766.812	1199
767.329	1186
767.846	1185
768.362	1179
768.879	1173
769.395	1170
769.912	1188
770.428	1176
770.945	1193
771.461	1173
771.978	1164
772.494	1165
773.01	1157
773.527	1174
774.043	1177
774.559	1161
775.076	1167
775.592	1160
776.108	1175
776.624	1173
777.141	1164
777.657	1153
778.173	1165
778.689	1147
779.205	1151
779.721	1144
780.237	1171
780.753	1165
781.27	1165
781.786	1161
782.302	1150
782.818	1144
783.333	1163
783.849	1143
784.365	1161
784.881	1168
785.397	1141
785.913	1158
786.429	1152
786.945	1161
787.46	1145
787.976	1154
788.492	1137
789.008	1155
789.523	1163
790.039	1157
790.555	1141
791.07	1152
791.586	1156
792.102	1163
792.617	1140
793.133	1148
793.648	1144
794.164	1143
794.679	1148
795.195	1160
795.71	1153
796.226	1153
796.741	1156
797.256	1150
797.772	1144
798.287	1146
798.802	1147
799.318	1155
799.833	1153
800.348	1144
800.864	1146
801.379	1145
801.894	1155
802.409	1144
802.924	1159
803.44	1157
803.955	1167
804.47	1172
804.985	1169
805.5	1159
806.015	1145
806.53	1147
807.045	1156
807.56	1142
808.075	1148
808.59	1145
809.105	1157
809.619	1144
810.134	1141
810.649	1152
811.164	1147
811.679	1151
812.194	1154
812.708	1143
813.223	1162
813.738	1144
814.252	1156
814.767	1156
815.282	1146
815.796	1152
816.311	1145
816.826	1141
817.34	1151
817.855	1150
818.369	1144
818.884	1157
819.398	1143
819.913	1149
820.427	1130
820.941	1138
821.456	1151
821.97	1140
822.484	1141
822.999	1144
823.513	1135
824.027	1129
824.542	1160
825.056	1130
825.57	1141
826.084	1127
826.598	1130
827.113	1101
827.627	1129
828.141	1119
828.655	1110
829.169	1109
829.683	1120
830.197	1113
830.711	1122
831.225	1106
831.739	1116
832.253	1101
832.767	1110
833.281	1109
833.795	1106
834.308	1100
834.822	1106
835.336	1107
835.85	1098
836.364	1098
836.877	1098
837.391	1104
837.905	1107
838.418	1094
838.932	1102
839.446	1092
839.959	1101
840.473	1100
840.986	1101
841.5	1089
842.013	1095
842.527	1094
843.04	1093
843.554	1093
844.067	1093
844.581	1082
845.094	1087
845.607	1094
846.121	1086
846.634	1089
847.147	1086
847.661	1091
848.174	1073
848.687	1085
849.2	1086
849.714	1069
850.227	1076
850.74	1078
851.253	1078
851.766	1078
852.279	1087
852.792	1077
853.305	1094
853.818	1084
854.331	1082
854.844	1082
855.357	1089
855.87	1089
856.383	1084
856.896	1073
857.409	1093
857.921	1088
858.434	1095
858.947	1091
859.46	1085
859.973	1088
860.485	1083
860.998	1074
861.511	1086
862.023	1087
862.536	1093
863.049	1084
863.561	1080
864.074	1095
864.586	1091
865.099	1084
865.611	1089
866.124	1075
866.636	1076
867.149	1084
867.661	1078
868.173	1071
868.686	1081
869.198	1088
869.71	1084
870.223	1079
870.735	1089
871.247	1086
871.759	1090
872.272	1084
872.784	1088
873.296	1096
873.808	1083
874.32	1087
874.832	1086
875.344	1088
875.856	1085
876.368	1095
876.88	1087
877.392	1074
877.904	1084
878.416	1077
878.928	1084
879.44	1095
879.952	1077
880.464	1085
880.976	1093
881.487	1081
881.999	1094
882.511	1092
883.023	1096
883.534	1095
884.046	1101
884.558	1102
885.069	1090
885.581	1099
886.093	1091
886.604	1081
887.116	1098
887.627	1099
888.139	1083
888.65	1080
889.162	1086
889.673	1085
890.185	1092
890.696	1104
891.207	1092
891.719	1108
892.23	1099
892.741	1090
893.253	1093
893.764	1104
894.275	1106
894.786	1101
895.297	1110
895.809	1101
896.32	1105
896.831	1091
897.342	1089
897.853	1105
898.364	1102
898.875	1090
899.386	1112
899.897	1101
900.408	1104
900.919	1106
901.43	1100
901.941	1095
902.451	1097
902.962	1104
903.473	1108
903.984	1100
904.495	1095
905.005	1091
905.516	1090
906.027	1092
906.538	1093
907.048	1097
907.559	1091
908.069	1079
908.58	1070
909.091	1064
909.601	1051
910.112	1042
910.622	1032
911.133	1016
911.643	1014
912.154	1010
912.664	1004
913.174	1005
913.685	1005
914.195	1007
914.705	1003
915.216	1007
915.726	1007
916.236	1004
916.746	1007
917.256	1000
917.767	1003
918.277	1006
918.787	1006
919.297	1004
919.807	1002
920.317	1006
920.827	1006
921.337	1007
921.847	1003
922.357	1002
922.867	1003
923.377	1004
923.887	1007
924.397	1009
924.906	1004
925.416	1003
925.926	1008
926.436	1007
926.946	1012
927.455	1005
927.965	1008
928.475	1006
928.984	1009
929.494	1006
930.004	1005
930.513	1004
931.023	1007
931.532	1007
932.042	1002
932.551	1008
933.061	1005
933.57	1012
934.08	1007
934.589	1007
935.098	1011
935.608	1006
936.117	1010
936.626	1006
937.136	1007
937.645	1007
938.154	1009
938.663	1009
939.173	1006
939.682	1007
940.191	1005
940.7	1006
941.209	1007
941.718	1007
942.227	1012
942.736	1010
943.245	1013
943.754	1009
944.263	1011
944.772	1010
945.281	1006
945.79	1008
946.299	1006
946.807	1007
947.316	1012
947.825	1014
948.334	1012
948.843	1010
949.351	1016
949.86	1013
950.369	1009
950.877	1018
951.386	1015
951.894	1020
952.403	1025
952.911	1027
953.42	1032
953.929	1030
954.437	1021
954.945	1016
955.454	1024
955.962	1017
956.471	1017
956.979	1020
957.487	1019
957.996	1015
958.504	1020
959.012	1012
959.52	1021
960.029	1017
960.537	1023
961.045	1015
961.553	1021
962.061	1020
962.569	1019
963.077	1022
963.585	1018
