432.895	998
433.423	998
433.95	996
434.478	1001
435.006	997
435.534	1001
436.062	1000
436.589	997
437.117	1000
437.645	999
438.172	1000
438.7	1000
439.228	999
439.756	1000
440.283	997
440.811	1000
441.338	1004
441.866	1000
442.394	1002
442.921	999
443.449	1002
443.976	1001
444.504	1001
445.031	1003
445.559	1000
446.086	1001
446.614	1001
447.141	1002
447.669	999
448.196	1001
448.724	1000
449.251	1001
449.778	1000
450.306	1001
450.833	999
451.361	998
451.888	1000
452.415	1000
452.943	1001
453.47	1004
453.997	999
454.524	999
455.052	1002
455.579	1000
456.106	999
456.633	1002
457.16	997
457.688	1000
458.215	1000
458.742	1001
459.269	999
459.796	1000
460.323	997
460.85	1000
461.377	997
461.904	999
462.431	1001
462.958	1001
463.485	999
464.012	999
464.539	1001
465.066	998
465.593	998
466.12	998
466.647	1001
467.174	1000
467.701	1000
468.228	1001
468.755	1000
469.282	1001
469.808	998
470.335	998
470.862	1001
471.389	998
471.915	1001
472.442	1000
472.969	999
473.496	1001
474.022	999
474.549	1000
475.076	1000
475.602	999
476.129	997
476.656	1000
477.182	998
477.709	1002
478.235	1001
478.762	999
479.289	999
479.815	1003
480.342	1001
480.868	1000
481.395	1002
481.921	1000
482.448	999
482.974	997
483.5	999
484.027	1005
484.553	1002
485.08	1002
485.606	998
486.132	1001
486.659	998
487.185	999
487.711	1001
488.238	1001
488.764	1000
489.29	999
489.816	998
490.343	999
490.869	998
491.395	998
491.921	1001
492.447	1002
492.973	996
493.5	1000
494.026	999
494.552	1000
495.078	998
495.604	1001
496.13	1000
496.656	999
497.182	997
497.708	1001
498.234	999
498.76	998
499.286	999
499.812	1001
500.338	1000
500.864	1000
501.39	1003
501.916	1001
502.441	1000
502.967	1001
503.493	999
504.019	998
504.545	1000
505.071	998
505.596	997
506.122	997
506.648	998
507.174	1002
507.699	1003
508.225	1002
508.751	999
509.276	1000
509.802	1000
510.328	1000
510.853	997
511.379	1002
511.904	1000
512.43	1001
512.955	1001
513.481	1000
514.006	999
514.532	998
515.057	1000
515.583	998
516.108	999
516.634	1000
517.159	1001
517.685	1003
518.21	998
518.735	999
519.261	1001
519.786	999
520.311	999
520.837	1002
521.362	1001
521.887	997
522.413	1000
522.938	999
523.463	999
523.988	1001
524.513	997
525.039	1002
525.564	999
526.089	1001
526.614	999
527.139	1003
527.664	999
528.189	1001
528.714	998
529.24	998
529.765	998
530.29	999
530.815	999
531.34	1001
531.865	1000
532.389	999
532.914	996
533.439	1001
533.964	1000
534.489	998
535.014	1000
535.539	1003
536.064	999
536.588	1005
537.113	997
537.638	1002
538.163	999
538.688	997
539.212	1001
539.737	999
540.262	1000
540.786	1003
541.311	998
541.836	1000
542.36	998
542.885	1002
543.41	1000
543.934	999
544.459	999
544.983	1000
545.508	998
546.032	999
546.557	1002
547.081	1001
547.606	1000
548.13	1003
548.655	1002
549.179	1002
549.704	1000
550.228	1002
550.752	998
551.277	999
551.801	998
552.325	1001
552.85	1000
553.374	1000
553.898	999
554.423	1002
554.947	1002
555.471	999
555.995	1000
556.519	999
557.044	998
557.568	999
558.092	1004
558.616	999
559.14	998
559.664	1000
560.188	1000
560.712	1001
561.236	1000
561.76	1000
562.284	1002
562.808	1000
563.332	1000
563.856	1004
564.38	999
564.904	1001
565.428	1003
565.952	1003
566.476	1000
567	1001
567.523	1002
568.047	1001
568.571	997
569.095	1002
569.619	1001
570.142	998
570.666	999
571.19	999
571.714	1001
572.237	995
572.761	999
573.285	999
573.808	998
574.332	997
574.855	997
575.379	1003
575.903	999
576.426	1001
576.95	998
577.473	999
577.997	1001
578.52	999
579.044	998
579.567	1002
580.09	1001
580.614	1001
581.137	998
581.661	1000
582.184	997
582.707	1001
583.231	1000
583.754	1004
584.277	997
584.8	1002
585.324	998
585.847	1001
586.37	1002
586.893	999
587.417	1003
587.94	1002
588.463	1000
588.986	999
589.509	1001
590.032	1003
590.555	1001
591.078	999
591.601	1004
592.124	1000
592.647	1000
593.17	997
593.693	998
594.216	1001
594.739	1000
595.262	1003
595.785	1001
596.308	1002
596.831	1001
597.354	1000
597.877	997
598.399	1000
598.922	999
599.445	1001
599.968	1002
600.49	1003
601.013	1001
601.536	1000
602.059	1000
602.581	1004
603.104	1001
603.627	997
604.149	1001
604.672	999
605.194	1005
605.717	1003
606.24	1000
606.762	1000
607.285	1002
607.807	1002
608.33	1001
608.852	1001
609.374	1002
609.897	1005
610.419	1001
610.942	999
611.464	1004
611.986	1007
612.509	1004
613.031	1002
613.553	1002
614.076	1002
614.598	1001
615.12	1004
615.642	1004
616.165	1001
616.687	1001
617.209	1003
617.731	1002
618.253	1002
618.775	1000
619.297	999
619.82	1000
620.342	1004
620.864	1001
621.386	1003
621.908	1006
622.43	1003
622.952	999
623.474	1001
623.996	1006
624.518	1000
625.039	1003
625.561	1005
626.083	1006
626.605	1001
627.127	1003
627.649	1004
628.171	1001
628.692	1005
629.214	1000
629.736	1001
630.258	1002
630.779	1002
631.301	1007
631.823	1001
632.344	1001
632.866	1002
633.388	1000
633.909	1001
634.431	1002
634.952	999
635.474	1003
635.995	1003
636.517	1003
637.038	1001
637.56	1004
638.081	1002
638.603	1002
639.124	1005
639.646	1003
640.167	1001
640.688	1003
641.21	1002
641.731	1004
642.252	1003
642.773	1002
643.295	999
643.816	1002
644.337	1001
644.859	1001
645.38	1002
645.901	1004
646.422	1000
646.943	1003
647.464	1003
647.985	1005
648.506	1002
649.028	1003
649.549	1001
650.07	1003
650.591	1002
651.112	1002
651.633	1002
652.154	1002
652.674	1002
653.195	1004
653.716	998
654.237	1002
654.758	1000
655.279	1004
655.8	1000
656.321	1006
656.841	1004
657.362	1003
657.883	1005
658.404	1004
658.924	1004
659.445	1003
659.966	1000
660.486	1004
661.007	1001
661.528	1004
662.048	1005
662.569	1002
663.089	1000
663.61	1004
664.13	997
664.651	1002
665.171	1001
665.692	1001
666.212	1000
666.733	1004
667.253	1000
667.774	1001
668.294	1004
668.814	1002
669.335	1002
669.855	1002
670.375	1000
670.896	999
671.416	1004
671.936	1002
672.456	1001
672.977	1004
673.497	1002
674.017	1007
674.537	1001
675.057	1008
675.577	1007
676.097	1009
676.617	1003
677.137	1004
677.657	1002
678.177	1001
678.698	1004
679.217	1005
679.737	1002
680.257	1003
680.777	1006
681.297	1004
681.817	1005
682.337	1002
682.857	1003
683.377	1005
683.896	1004
684.416	1003
684.936	1004
685.456	1003
685.975	1003
686.495	1001
687.015	1003
687.535	1002
688.054	1003
688.574	1002
689.093	1003
689.613	1005
690.133	1002
690.652	1004
691.172	1003
691.691	1000
692.211	1001
692.73	1002
693.25	1004
693.769	1000
694.289	1002
694.808	1003
695.327	1002
695.847	1004
696.366	1003
696.885	1007
697.405	1001
697.924	1004
698.443	1000
698.962	1002
699.482	1001
700.001	1007
700.52	1006
701.039	1001
701.558	1001
702.078	1005
702.597	1002
703.116	1005
703.635	1001
704.154	1003
704.673	1000
705.192	1003
705.711	1005
706.23	1001
706.749	999
707.268	1007
707.787	1005
708.306	1004
708.824	1005
709.343	1005
709.862	1004
710.381	1002
710.9	1001
711.419	1006
711.937	1001
712.456	1002
712.975	1005
713.493	1006
714.012	1005
714.531	1006
715.049	1001
715.568	1004
716.087	1006
716.605	1004
717.124	1005
717.642	1001
718.161	1002
718.679	1005
719.198	1001
719.716	1006
720.235	1004
720.753	1005
721.272	1008
721.79	1004
722.308	1007
722.827	1006
723.345	1003
723.863	1004
724.382	1010
724.9	1005
725.418	1007
725.936	1008
726.455	1005
726.973	1006
727.491	1012
728.009	1010
728.527	1004
729.045	1004
729.563	1008
730.081	1011
730.599	1004
731.117	1002
731.635	1004
732.153	1004
732.671	1004
733.189	1008
733.707	1008
734.225	1011
734.743	1005
735.261	1010
735.779	1006
736.297	1010
736.814	1010
737.332	1004
737.85	1012
738.368	1007
738.885	1007
739.403	1009
739.921	1005
740.439	1009
740.956	1007
741.474	1008
741.991	1005
742.509	1008
743.027	1013
743.544	1007
744.062	1008
744.579	1010
745.097	1011
745.614	1005
746.131	1008
746.649	1006
747.166	1005
747.684	1008
748.201	1005
748.718	1008
749.236	1012
749.753	1005
750.27	1008
750.788	1009
751.305	1010
751.822	1008
752.339	1009
752.856	1005
753.374	1008
753.891	1010
754.408	1012
754.925	1010
755.442	1010
755.959	1010
756.476	1011
756.993	1004
757.51	1010
758.027	1004
758.544	1005
759.061	1009
759.578	1008
760.095	1008
760.612	1008
761.128	1007
761.645	1004
762.162	1010
762.679	1005
763.196	1009
763.712	1011
764.229	1009
764.746	1005
765.263	1003
765.779	1007
766.296	1003
766.812	1006
767.329	1004
767.846	1010
768.362	1005
768.879	1005
769.395	1010
769.912	1008
770.428	1008
770.945	1007
771.461	1013
771.978	1008
772.494	1010
773.01	1006
773.527	1008
774.043	1004
774.559	1007
775.076	1009
775.592	1004
776.108	1005
776.624	1006
777.141	1005
777.657	1007
778.173	1006
778.689	1006
779.205	1011
779.721	1005
780.237	1007
780.753	1008
781.27	1005
781.786	1006
782.302	1005
782.818	1009
783.333	1008
783.849	1008
784.365	1005
784.881	1008
785.397	1005
785.913	1007
786.429	1006
786.945	1004
787.46	1008
787.976	1006
788.492	1004
789.008	1008
789.523	1008
790.039	1005
790.555	1010
791.07	1007
791.586	1005
792.102	1009
792.617	1006
793.133	1009
793.648	1010
794.164	1006
794.679	1009
795.195	1009
795.71	1004
796.226	1011
796.741	1006
797.256	1005
797.772	1009
798.287	1007
798.802	1006
799.318	1009
799.833	1006
800.348	1007
800.864	1007
801.379	1007
801.894	1005
802.409	1010
802.924	1010
803.44	1009
803.955	1010
804.47	1005
804.985	1007
805.5	1012
806.015	1011
806.53	1008
807.045	1010
807.56	1009
808.075	1009
808.59	1009
809.105	1007
809.619	1008
810.134	1004
810.649	1011
811.164	1002
811.679	1010
812.194	1011
812.708	1016
813.223	1009
813.738	1011
814.252	1009
814.767	1007
815.282	1008
815.796	1007
816.311	1007
816.826	1009
817.34	1009
817.855	1005
818.369	1012
818.884	1010
819.398	1005
819.913	1013
820.427	1012
820.941	1011
821.456	1008
821.97	1007
822.484	1008
822.999	1014
823.513	1012
824.027	1006
824.542	1007
825.056	1009
825.57	1007
826.084	1011
826.598	1008
827.113	1006
827.627	1013
828.141	1000
828.655	1010
829.169	1008
829.683	1013
830.197	1011
830.711	1007
831.225	1009
831.739	1006
832.253	1007
832.767	1009
833.281	1013
833.795	1011
834.308	1011
834.822	1006
835.336	1010
835.85	1010
836.364	1009
836.877	1003
837.391	1009
837.905	1004
838.418	1015
838.932	1007
839.446	1010
839.959	1012
840.473	1012
840.986	1011
841.5	1007
842.013	1007
842.527	1006
843.04	1005
843.554	1004
844.067	1007
844.581	1010
845.094	1008
845.607	1009
846.121	1008
846.634	1009
847.147	1008
847.661	1007
848.174	1008
848.687	1008
849.2	1011
849.714	1009
850.227	1011
850.74	1011
851.253	1012
851.766	1005
852.279	1011
852.792	1012
853.305	1010
853.818	1005
854.331	1001
854.844	1006
855.357	1015
855.87	1006
856.383	1009
856.896	1009
857.409	1012
857.921	1007
858.434	1010
858.947	1008
859.46	1009
859.973	1010
860.485	1009
860.998	1008
861.511	1010
862.023	1008
862.536	1006
863.049	1013
863.561	1004
864.074	1010
864.586	1013
865.099	1009
865.611	1009
866.124	1010
866.636	1009
867.149	1010
867.661	1003
868.173	1009
868.686	1007
869.198	1009
869.71	1013
870.223	1011
870.735	1009
871.247	1010
871.759	1011
872.272	1012
872.784	1010
873.296	1012
873.808	1013
874.32	1011
874.832	1009
875.344	1006
875.856	1012
876.368	1010
876.88	1013
877.392	1012
877.904	1008
878.416	1014
878.928	1015
879.44	1010
879.952	1009
880.464	1009
880.976	1015
881.487	1015
881.999	1011
882.511	1008
883.023	1013
883.534	1013
884.046	1012
884.558	1016
885.069	1009
885.581	1012
886.093	1010
886.604	1012
887.116	1015
887.627	1012
888.139	1013
888.65	1017
889.162	1012
889.673	1018
890.185	1016
890.696	1013
891.207	1016
891.719	1010
892.23	1014
892.741	1014
893.253	1015
893.764	1013
894.275	1008
894.786	1015
895.297	1016
895.809	1015
896.32	1016
896.831	1011
897.342	1013
897.853	1013
898.364	1017
898.875	1019
899.386	1011
899.897	1007
900.408	1016
900.919	1012
901.43	1013
901.941	1017
902.451	1019
902.962	1021
903.473	1023
903.984	1019
904.495	1014
905.005	1013
905.516	1013
906.027	1010
906.538	1018
907.048	1018
907.559	1014
908.069	1016
908.58	1010
909.091	1014
909.601	1015
910.112	1006
910.622	1006
911.133	1009
911.643	1007
912.154	1001
912.664	1004
913.174	1003
913.685	1003
914.195	999
914.705	1004
915.216	1000
915.726	1007
916.236	1000
916.746	1007
917.256	1006
917.767	1003
918.277	1000
918.787	1002
919.297	1003
919.807	1005
920.317	1003
920.827	1007
921.337	1003
921.847	1003
922.357	1005
922.867	1005
923.377	1006
923.887	1006
924.397	1004
924.906	1007
925.416	1008
925.926	1005
926.436	1007
926.946	1003
927.455	1008
927.965	1006
928.475	1007
928.984	1008
929.494	1003
930.004	1005
930.513	1008
931.023	1004
931.532	1009
932.042	1004
932.551	1009
933.061	1007
933.57	1004
934.08	1009
934.589	1009
935.098	1003
935.608	1006
936.117	1011
936.626	1007
937.136	1007
937.645	1008
938.154	1008
938.663	1015
939.173	1011
939.682	1008
940.191	1007
940.7	1007
941.209	1005
941.718	1007
942.227	1007
942.736	1007
943.245	1007
943.754	1008
944.263	1013
944.772	1006
945.281	1005
945.79	1016
946.299	1011
946.807	1007
947.316	1009
947.825	1011
948.334	1011
948.843	1008
949.351	1010
949.86	1010
950.369	1017
950.877	1018
951.386	1017
951.894	1020
952.403	1022
952.911	1024
953.42	1034
953.929	1021
954.437	1027
954.945	1027
955.454	1021
955.962	1021
956.471	1014
956.979	1017
957.487	1018
957.996	1017
958.504	1012
959.012	1011
959.52	1020
960.029	1023
960.537	1018
961.045	1016
961.553	1017
962.061	1017
962.569	1014
963.077	1014
963.585	1013
