432.895	1002
433.423	1002
433.95	999
434.478	999
435.006	1001
435.534	1001
436.062	1000
436.589	998
437.117	1005
437.645	1001
438.172	998
438.7	1005
439.228	1001
439.756	1003
440.283	1001
440.811	1000
441.338	1001
441.866	1002
442.394	1001
442.921	1001
443.449	1003
443.976	1001
444.504	1001
445.031	1002
445.559	1002
446.086	1003
446.614	1002
447.141	1001
447.669	1002
448.196	1003
448.724	999
449.251	1002
449.778	1002
450.306	1001
450.833	1002
451.361	1000
451.888	1003
452.415	1001
452.943	1003
453.47	1001
453.997	1000
454.524	1000
455.052	1000
455.579	1002
456.106	1002
456.633	1000
457.16	1001
457.688	1000
458.215	1000
458.742	1002
459.269	1001
459.796	999
460.323	999
460.85	1003
461.377	1001
461.904	998
462.431	1002
462.958	1004
463.485	1003
464.012	1002
464.539	1002
465.066	999
465.593	1001
466.12	998
466.647	997
467.174	1002
467.701	1002
468.228	1001
468.755	1000
469.282	998
469.808	1002
470.335	1002
470.862	998
471.389	1001
471.915	998
472.442	1002
472.969	1000
473.496	1005
474.022	999
474.549	1004
475.076	1004
475.602	1001
476.129	1001
476.656	1000
477.182	1002
477.709	1003
478.235	1001
478.762	1000
479.289	1000
479.815	1001
480.342	998
480.868	1000
481.395	1003
481.921	1003
482.448	998
482.974	1005
483.5	1000
484.027	1001
484.553	1000
485.08	1002
485.606	1002
486.132	1005
486.659	1000
487.185	1003
487.711	999
488.238	1000
488.764	1002
489.29	999
489.816	1000
490.343	999
490.869	1001
491.395	1000
491.921	999
492.447	1000
492.973	1005
493.5	1000
494.026	1002
494.552	999
495.078	1001
495.604	1001
496.13	1002
496.656	1000
497.182	1001
497.708	1004
498.234	1002
498.76	1003
499.286	1001
499.812	1008
500.338	1012
500.864	1015
501.39	1017
501.916	1017
502.441	1016
502.967	1020
503.493	1020
504.019	1016
504.545	1019
505.071	1019
505.596	1017
506.122	1022
506.648	1019
507.174	1023
507.699	1017
508.225	1024
508.751	1025
509.276	1020
509.802	1020
510.328	1024
510.853	1022
511.379	1019
511.904	1027
512.43	1026
512.955	1022
513.481	1021
514.006	1031
514.532	1023
515.057	1021
515.583	1024
516.108	1022
516.634	1026
517.159	1031
517.685	1029
518.21	1030
518.735	1033
519.261	1032
519.786	1037
520.311	1030
520.837	1035
521.362	1040
521.887	1043
522.413	1042
522.938	1046
523.463	1056
523.988	1052
524.513	1056
525.039	1056
525.564	1062
526.089	1088
526.614	1076
527.139	1097
527.664	1094
528.189	1114
528.714	1105
529.24	1103
529.765	1107
530.29	1126
530.815	1113
531.34	1129
531.865	1149
532.389	1157
532.914	1153
533.439	1172
533.964	1171
534.489	1174
535.014	1197
535.539	1204
536.064	1232
536.588	1232
537.113	1225
537.638	1249
538.163	1259
538.688	1257
539.212	1249
539.737	1245
540.262	1257
540.786	1263
541.311	1266
541.836	1274
542.36	1262
542.885	1278
543.41	1303
543.934	1314
544.459	1304
544.983	1321
545.508	1285
546.032	1319
546.557	1303
547.081	1302
547.606	1327
548.13	1321
548.655	1313
549.179	1351
549.704	1338
550.228	1336
550.752	1327
551.277	1346
551.801	1351
552.325	1369
552.85	1324
553.374	1348
553.898	1369
554.423	1386
554.947	1392
555.471	1391
555.995	1404
556.519	1411
557.044	1419
557.568	1442
558.092	1452
558.616	1468
559.14	1463
559.664	1479
560.188	1481
560.712	1494
561.236	1484
561.76	1502
562.284	1505
562.808	1519
563.332	1581
563.856	1565
564.38	1574
564.904	1587
565.428	1631
565.952	1649
566.476	1624
567	1660
567.523	1657
568.047	1681
568.571	1691
569.095	1729
569.619	1701
570.142	1701
570.666	1719
571.19	1722
571.714	1737
572.237	1757
572.761	1759
573.285	1760
573.808	1755
574.332	1730
574.855	1745
575.379	1731
575.903	1733
576.426	1702
576.95	1695
577.473	1685
577.997	1702
578.52	1681
579.044	1663
579.567	1651
580.09	1644
580.614	1622
581.137	1603
581.661	1578
582.184	1596
582.707	1569
583.231	1534
583.754	1550
584.277	1508
584.8	1492
585.324	1495
585.847	1476
586.37	1460
586.893	1437
587.417	1433
587.94	1435
588.463	1461
588.986	1418
589.509	1481
590.032	1451
590.555	1437
591.078	1433
591.601	1440
592.124	1414
592.647	1449
593.17	1401
593.693	1410
594.216	1399
594.739	1387
595.262	1404
595.785	1401
596.308	1393
596.831	1383
597.354	1373
597.877	1390
598.399	1401
598.922	1387
599.445	1369
599.968	1396
600.49	1375
601.013	1369
601.536	1380
602.059	1381
602.581	1367
603.104	1367
603.627	1412
604.149	1388
604.672	1393
605.194	1383
605.717	1397
606.24	1401
606.762	1396
607.285	1401
607.807	1395
608.33	1387
608.852	1395
609.374	1388
609.897	1405
610.419	1410
610.942	1410
611.464	1419
611.986	1433
612.509	1408
613.031	1388
613.553	1431
614.076	1409
614.598	1418
615.12	1426
615.642	1416
616.165	1407
616.687	1439
617.209	1414
617.731	1389
618.253	1399
618.775	1417
619.297	1417
619.82	1401
620.342	1366
620.864	1402
621.386	1366
621.908	1391
622.43	1340
622.952	1383
623.474	1364
623.996	1349
624.518	1354
625.039	1368
625.561	1357
626.083	1331
626.605	1330
627.127	1330
627.649	1308
628.171	1318
628.692	1334
629.214	1300
629.736	1305
630.258	1297
630.779	1276
631.301	1268
631.823	1292
632.344	1250
632.866	1275
633.388	1245
633.909	1239
634.431	1258
634.952	1249
635.474	1262
635.995	1249
636.517	1231
637.038	1226
637.56	1256
638.081	1243
638.603	1247
639.124	1224
639.646	1228
640.167	1224
640.688	1245
641.21	1231
641.731	1249
642.252	1233
642.773	1258
643.295	1256
643.816	1250
644.337	1234
644.859	1261
645.38	1245
645.901	1255
646.422	1248
646.943	1255
647.464	1239
647.985	1256
648.506	1250
649.028	1256
649.549	1257
650.07	1279
650.591	1262
651.112	1261
651.633	1265
652.154	1260
652.674	1248
653.195	1287
653.716	1279
654.237	1275
654.758	1262
655.279	1289
655.8	1304
656.321	1298
656.841	1277
657.362	1296
657.883	1297
658.404	1324
658.924	1327
659.445	1342
659.966	1335
660.486	1312
661.007	1352
661.528	1346
662.048	1338
662.569	1343
663.089	1378
663.61	1368
664.13	1375
664.651	1373
665.171	1413
665.692	1394
666.212	1411
666.733	1379
667.253	1428
667.774	1428
668.294	1443
668.814	1428
669.335	1444
669.855	1444
670.375	1491
670.896	1458
671.416	1465
671.936	1470
672.456	1490
672.977	1476
673.497	1450
674.017	1469
674.537	1490
675.057	1457
675.577	1475
676.097	1467
676.617	1468
677.137	1472
677.657	1483
678.177	1442
678.698	1440
679.217	1481
679.737	1466
680.257	1470
680.777	1460
681.297	1437
681.817	1432
682.337	1417
682.857	1432
683.377	1424
683.896	1438
684.416	1422
684.936	1444
685.456	1389
685.975	1414
686.495	1378
687.015	1374
687.535	1395
688.054	1374
688.574	1390
689.093	1393
689.613	1374
690.133	1385
690.652	1392
691.172	1369
691.691	1363
692.211	1390
692.73	1375
693.25	1392
693.769	1367
694.289	1363
694.808	1384
695.327	1343
695.847	1345
696.366	1348
696.885	1386
697.405	1342
697.924	1365
698.443	1321
698.962	1346
699.482	1369
700.001	1347
700.52	1331
701.039	1339
701.558	1385
702.078	1360
702.597	1358
703.116	1378
703.635	1366
704.154	1374
704.673	1367
705.192	1369
705.711	1371
706.23	1367
706.749	1365
707.268	1383
707.787	1370
708.306	1374
708.824	1369
709.343	1362
709.862	1378
710.381	1366
710.9	1385
711.419	1385
711.937	1383
712.456	1395
712.975	1381
713.493	1390
714.012	1403
714.531	1423
715.049	1404
715.568	1407
716.087	1423
716.605	1406
717.124	1440
717.642	1417
718.161	1435
718.679	1426
719.198	1428
719.716	1418
720.235	1424
720.753	1452
721.272	1438
721.79	1478
722.308	1440
722.827	1444
723.345	1433
723.863	1456
724.382	1465
724.9	1475
725.418	1478
725.936	1501
726.455	1479
726.973	1520
727.491	1503
728.009	1510
728.527	1507
729.045	1520
729.563	1514
730.081	1549
730.599	1526
731.117	1549
731.635	1540
732.153	1544
732.671	1529
733.189	1541
733.707	1533
734.225	1539
734.743	1534
735.261	1552
735.779	1552
736.297	1557
736.814	1578
737.332	1565
737.85	1551
738.368	1570
738.885	1568
739.403	1567
739.921	1517
740.439	1559
740.956	1553
741.474	1546
741.991	1566
742.509	1563
743.027	1540
743.544	1591
744.062	1569
744.579	1524
745.097	1554
745.614	1519
746.131	1492
746.649	1541
747.166	1483
747.684	1508
748.201	1484
748.718	1471
749.236	1474
749.753	1437
750.27	1462
750.788	1466
751.305	1452
751.822	1447
752.339	1449
752.856	1460
753.374	1459
753.891	1426
754.408	1436
754.925	1420
755.442	1432
755.959	1403
756.476	1415
756.993	1377
757.51	1386
758.027	1405
758.544	1380
759.061	1381
759.578	1385
760.095	1355
760.612	1362
761.128	1341
761.645	1349
762.162	1366
762.679	1363
763.196	1357
763.712	1334
764.229	1341
764.746	1352
765.263	1340
765.779	1331
766.296	1337
766.812	1332
767.329	1335
767.846	1340
768.362	1321
768.879	1337
769.395	1325
769.912	1320
770.428	1332
770.945	1327
771.461	1317
771.978	1331
772.494	1288
773.01	1286
773.527	1286
774.043	1290
774.559	1302
775.076	1282
775.592	1312
776.108	1285
776.624	1294
777.141	1295
777.657	1287
778.173	1274
778.689	1269
779.205	1264
779.721	1286
780.237	1284
780.753	1262
781.27	1278
781.786	1284
782.302	1280
782.818	1276
783.333	1271
783.849	1273
784.365	1248
784.881	1282
785.397	1265
785.913	1251
786.429	1273
786.945	1268
787.46	1288
787.976	1278
788.492	1268
789.008	1268
789.523	1261
790.039	1250
790.555	1250
791.07	1286
791.586	1271
792.102	1263
792.617	1254
793.133	1239
793.648	1264
794.164	1273
794.679	1254
795.195	1253
795.71	1274
796.226	1257
796.741	1279
797.256	1253
797.772	1254
798.287	1263
798.802	1270
799.318	1249
799.833	1250
800.348	1256
800.864	1255
801.379	1268
801.894	1271
802.409	1269
802.924	1242
803.44	1290
803.955	1270
804.47	1264
804.985	1270
805.5	1261
806.015	1285
806.53	1275
807.045	1280
807.56	1257
808.075	1261
808.59	1260
809.105	1236
809.619	1252
810.134	1245
810.649	1250
811.164	1264
811.679	1257
812.194	1262
812.708	1250
813.223	1238
813.738	1248
814.252	1263
814.767	1252
815.282	1249
815.796	1258
816.311	1265
816.826	1276
817.34	1246
817.855	1249
818.369	1246
818.884	1245
819.398	1262
819.913	1245
820.427	1255
820.941	1242
821.456	1223
821.97	1238
822.484	1231
822.999	1230
823.513	1212
824.027	1212
824.542	1230
825.056	1223
825.57	1217
826.084	1216
826.598	1203
827.113	1227
827.627	1196
828.141	1208
828.655	1196
829.169	1200
829.683	1206
830.197	1200
830.711	1190
831.225	1201
831.739	1199
832.253	1166
832.767	1181
833.281	1187
833.795	1180
834.308	1187
834.822	1168
835.336	1169
835.85	1171
836.364	1165
836.877	1169
837.391	1159
837.905	1158
838.418	1164
838.932	1163
839.446	1158
839.959	1174
840.473	1150
840.986	1153
841.5	1164
842.013	1159
842.527	1160
843.04	1151
843.554	1159
844.067	1141
844.581	1148
845.094	1150
845.607	1154
846.121	1157
846.634	1156
847.147	1141
847.661	1131
848.174	1143
848.687	1132
849.2	1146
849.714	1137
850.227	1131
850.74	1137
851.253	1134
851.766	1136
852.279	1140
852.792	1133
853.305	1138
853.818	1140
854.331	1134
854.844	1128
855.357	1140
855.87	1147
856.383	1149
856.896	1126
857.409	1151
857.921	1131
858.434	1157
858.947	1148
859.46	1155
859.973	1138
860.485	1132
860.998	1151
861.511	1132
862.023	1151
862.536	1134
863.049	1137
863.561	1143
864.074	1130
864.586	1138
865.099	1149
865.611	1130
866.124	1126
866.636	1130
867.149	1136
867.661	1141
868.173	1133
868.686	1135
869.198	1146
869.71	1148
870.223	1138
870.735	1138
871.247	1138
871.759	1153
872.272	1151
872.784	1152
873.296	1143
873.808	1148
874.32	1160
874.832	1147
875.344	1146
875.856	1137
876.368	1146
876.88	1149
877.392	1146
877.904	1139
878.416	1132
878.928	1144
879.44	1144
879.952	1154
880.464	1146
880.976	1141
881.487	1146
881.999	1139
882.511	1145
883.023	1146
883.534	1151
884.046	1155
884.558	1140
885.069	1147
885.581	1158
886.093	1152
886.604	1167
887.116	1160
887.627	1152
888.139	1137
888.65	1151
889.162	1150
889.673	1127
890.185	1132
890.696	1160
891.207	1143
891.719	1147
892.23	1157
892.741	1161
893.253	1169
893.764	1166
894.275	1149
894.786	1168
895.297	1161
895.809	1177
896.32	1166
896.831	1169
897.342	1169
897.853	1150
898.364	1160
898.875	1150
899.386	1155
899.897	1171
900.408	1169
900.919	1165
901.43	1170
901.941	1159
902.451	1161
902.962	1163
903.473	1161
903.984	1166
904.495	1149
905.005	1156
905.516	1146
906.027	1143
906.538	1144
907.048	1150
907.559	1153
908.069	1135
908.58	1128
909.091	1104
909.601	1085
910.112	1054
910.622	1045
911.133	1039
911.643	1024
912.154	1022
912.664	1011
913.174	1009
913.685	1009
914.195	1009
914.705	1013
915.216	1005
915.726	1011
916.236	1008
916.746	1005
917.256	1006
917.767	1006
918.277	1010
918.787	1008
919.297	1006
919.807	1010
920.317	1011
920.827	1005
921.337	1004
921.847	1004
922.357	1007
922.867	1011
923.377	1010
923.887	1008
924.397	1008
924.906	1010
925.416	1006
925.926	1009
926.436	1004
926.946	1005
927.455	1004
927.965	1007
928.475	1007
928.984	1004
929.494	1007
930.004	1011
930.513	1006
931.023	1013
931.532	1009
932.042	1008
932.551	1012
933.061	1004
933.57	1009
934.08	1006
934.589	1007
935.098	1006
935.608	1009
936.117	1010
936.626	1018
937.136	1009
937.645	1011
938.154	1012
938.663	1010
939.173	1010
939.682	1006
940.191	1010
940.7	1006
941.209	1008
941.718	1011
942.227	1008
942.736	1010
943.245	1012
943.754	1012
944.263	1012
944.772	1011
945.281	1014
945.79	1013
946.299	1016
946.807	1008
947.316	1016
947.825	1012
948.334	1014
948.843	1018
949.351	1012
949.86	1018
950.369	1015
950.877	1016
951.386	1025
951.894	1027
952.403	1022
952.911	1031
953.42	1028
953.929	1029
954.437	1024
954.945	1022
955.454	1023
955.962	1020
956.471	1021
956.979	1021
957.487	1019
957.996	1019
958.504	1020
959.012	1022
959.52	1024
960.029	1024
960.537	1022
961.045	1020
961.553	1016
962.061	1017
962.569	1021
963.077	1026
963.585	1025
