432.895	999
433.423	1002
433.95	999
434.478	1004
435.006	997
435.534	1002
436.062	999
436.589	999
437.117	999
437.645	1000
438.172	1003
438.7	1001
439.228	998
439.756	1000
440.283	1000
440.811	1001
441.338	1002
441.866	1002
442.394	998
442.921	1001
443.449	1003
443.976	1000
444.504	1000
445.031	999
445.559	1001
446.086	1001
446.614	1000
447.141	998
447.669	1003
448.196	998
448.724	1002
449.251	1002
449.778	1000
450.306	999
450.833	999
451.361	1001
451.888	997
452.415	999
452.943	999
453.47	1001
453.997	999
454.524	997
455.052	1001
455.579	1001
456.106	1001
456.633	1000
457.16	1003
457.688	1000
458.215	999
458.742	1000
459.269	999
459.796	1000
460.323	1002
460.85	999
461.377	1000
461.904	1004
462.431	998
462.958	997
463.485	1000
464.012	1001
464.539	1000
465.066	998
465.593	1000
466.12	1000
466.647	1002
467.174	999
467.701	997
468.228	1002
468.755	998
469.282	1002
469.808	998
470.335	999
470.862	1000
471.389	999
471.915	1002
472.442	999
472.969	997
473.496	1001
474.022	1002
474.549	1000
475.076	1003
475.602	1001
476.129	998
476.656	1001
477.182	1000
477.709	1002
478.235	1004
478.762	1000
479.289	1001
479.815	999
480.342	998
480.868	1003
481.395	999
481.921	998
482.448	999
482.974	1002
483.5	999
484.027	999
484.553	998
485.08	999
485.606	997
486.132	1001
486.659	998
487.185	998
487.711	1001
488.238	998
488.764	1000
489.29	997
489.816	1000
490.343	1000
490.869	999
491.395	997
491.921	1001
492.447	998
492.973	998
493.5	1001
494.026	996
494.552	1003
495.078	998
495.604	1000
496.13	996
496.656	1000
497.182	997
497.708	1001
498.234	997
498.76	998
499.286	999
499.812	1000
500.338	1001
500.864	1002
501.39	1005
501.916	1000
502.441	1001
502.967	997
503.493	999
504.019	1001
504.545	1000
505.071	1002
505.596	1000
506.122	1002
506.648	1000
507.174	1001
507.699	1003
508.225	1000
508.751	997
509.276	1003
509.802	1002
510.328	1001
510.853	1000
511.379	1004
511.904	999
512.43	1003
512.955	1001
513.481	1001
514.006	1001
514.532	1002
515.057	1002
515.583	1003
516.108	1001
516.634	1002
517.159	1001
517.685	1001
518.21	1003
518.735	1002
519.261	1005
519.786	1001
520.311	1000
520.837	1005
521.362	1003
521.887	1003
522.413	1004
522.938	1002
523.463	1001
523.988	1001
524.513	1003
525.039	1003
525.564	1004
526.089	1006
526.614	1002
527.139	1010
527.664	1008
528.189	1008
528.714	1011
529.24	1013
529.765	1010
530.29	1007
530.815	1015
531.34	1004
531.865	1013
532.389	1008
532.914	1008
533.439	1014
533.964	1009
534.489	1011
535.014	1017
535.539	1016
536.064	1012
536.588	1016
537.113	1020
537.638	1018
538.163	1010
538.688	1016
539.212	1012
539.737	1024
540.262	1018
540.786	1020
541.311	1021
541.836	1021
542.36	1028
542.885	1026
543.41	1018
543.934	1022
544.459	1020
544.983	1024
545.508	1026
546.032	1023
546.557	1017
547.081	1017
547.606	1026
548.13	1020
548.655	1015
549.179	1021
549.704	1024
550.228	1022
550.752	1020
551.277	1016
551.801	1021
552.325	1019
552.85	1015
553.374	1022
553.898	1016
554.423	1023
554.947	1022
555.471	1020
555.995	1029
556.519	1023
557.044	1026
557.568	1020
558.092	1030
558.616	1025
559.14	1041
559.664	1033
560.188	1032
560.712	1029
561.236	1030
561.76	1025
562.284	1023
562.808	1037
563.332	1028
563.856	1027
564.38	1033
564.904	1035
565.428	1035
565.952	1032
566.476	1032
567	1038
567.523	1035
568.047	1043
568.571	1028
569.095	1045
569.619	1040
570.142	1034
570.666	1034
571.19	1048
571.714	1040
572.237	1040
572.761	1038
573.285	1033
573.808	1043
574.332	1043
574.855	1040
575.379	1041
575.903	1042
576.426	1034
576.95	1036
577.473	1035
577.997	1029
578.52	1033
579.044	1032
579.567	1032
580.09	1034
580.614	1030
581.137	1028
581.661	1030
582.184	1031
582.707	1033
583.231	1026
583.754	1028
584.277	1026
584.8	1029
585.324	1023
585.847	1030
586.37	1025
586.893	1021
587.417	1020
587.94	1013
588.463	1024
588.986	1028
589.509	1023
590.032	1024
590.555	1016
591.078	1019
591.601	1020
592.124	1019
592.647	1027
593.17	1026
593.693	1019
594.216	1016
594.739	1024
595.262	1021
595.785	1022
596.308	1023
596.831	1020
597.354	1020
597.877	1018
598.399	1021
598.922	1022
599.445	1019
599.968	1015
600.49	1012
601.013	1016
601.536	1024
602.059	1017
602.581	1017
603.104	1027
603.627	1020
604.149	1022
604.672	1019
605.194	1021
605.717	1018
606.24	1018
606.762	1019
607.285	1022
607.807	1020
608.33	1020
608.852	1021
609.374	1017
609.897	1020
610.419	1016
610.942	1020
611.464	1016
611.986	1020
612.509	1019
613.031	1026
613.553	1019
614.076	1023
614.598	1022
615.12	1029
615.642	1017
616.165	1020
616.687	1016
617.209	1020
617.731	1027
618.253	1027
618.775	1021
619.297	1026
619.82	1024
620.342	1023
620.864	1022
621.386	1022
621.908	1024
622.43	1019
622.952	1025
623.474	1021
623.996	1026
624.518	1025
625.039	1017
625.561	1026
626.083	1020
626.605	1026
627.127	1020
627.649	1016
628.171	1019
628.692	1015
629.214	1023
629.736	1025
630.258	1013
630.779	1020
631.301	1019
631.823	1022
632.344	1022
632.866	1026
633.388	1018
633.909	1018
634.431	1015
634.952	1015
635.474	1017
635.995	1018
636.517	1012
637.038	1015
637.56	1017
638.081	1013
638.603	1018
639.124	1018
639.646	1022
640.167	1019
640.688	1017
641.21	1019
641.731	1015
642.252	1017
642.773	1015
643.295	1015
643.816	1014
644.337	1016
644.859	1018
645.38	1016
645.901	1013
646.422	1016
646.943	1018
647.464	1019
647.985	1019
648.506	1016
649.028	1024
649.549	1017
650.07	1014
650.591	1021
651.112	1022
651.633	1023
652.154	1019
652.674	1020
653.195	1017
653.716	1023
654.237	1021
654.758	1021
655.279	1026
655.8	1020
656.321	1015
656.841	1028
657.362	1017
657.883	1026
658.404	1020
658.924	1022
659.445	1027
659.966	1025
660.486	1027
661.007	1031
661.528	1028
662.048	1025
662.569	1030
663.089	1023
663.61	1024
664.13	1028
664.651	1028
665.171	1031
665.692	1029
666.212	1032
666.733	1030
667.253	1034
667.774	1033
668.294	1028
668.814	1037
669.335	1038
669.855	1038
670.375	1034
670.896	1032
671.416	1037
671.936	1035
672.456	1035
672.977	1037
673.497	1039
674.017	1043
674.537	1037
675.057	1039
675.577	1044
676.097	1040
676.617	1042
677.137	1037
677.657	1041
678.177	1045
678.698	1039
679.217	1036
679.737	1041
680.257	1037
680.777	1034
681.297	1034
681.817	1038
682.337	1039
682.857	1036
683.377	1032
683.896	1036
684.416	1039
684.936	1033
685.456	1034
685.975	1044
686.495	1040
687.015	1036
687.535	1037
688.054	1037
688.574	1028
689.093	1027
689.613	1030
690.133	1029
690.652	1038
691.172	1034
691.691	1033
692.211	1038
692.73	1031
693.25	1039
693.769	1040
694.289	1036
694.808	1035
695.327	1031
695.847	1032
696.366	1032
696.885	1031
697.405	1025
697.924	1035
698.443	1033
698.962	1030
699.482	1030
700.001	1035
700.52	1035
701.039	1034
701.558	1038
702.078	1037
702.597	1030
703.116	1033
703.635	1042
704.154	1037
704.673	1033
705.192	1034
705.711	1036
706.23	1034
706.749	1033
707.268	1034
707.787	1036
708.306	1036
708.824	1030
709.343	1036
709.862	1029
710.381	1037
710.9	1028
711.419	1038
711.937	1036
712.456	1041
712.975	1038
713.493	1039
714.012	1041
714.531	1037
715.049	1037
715.568	1028
716.087	1039
716.605	1036
717.124	1037
717.642	1041
718.161	1031
718.679	1041
719.198	1047
719.716	1039
720.235	1036
720.753	1041
721.272	1044
721.79	1049
722.308	1049
722.827	1041
723.345	1047
723.863	1041
724.382	1047
724.9	1041
725.418	1047
725.936	1047
726.455	1049
726.973	1045
727.491	1051
728.009	1041
728.527	1037
729.045	1045
729.563	1054
730.081	1052
730.599	1045
731.117	1057
731.635	1053
732.153	1055
732.671	1055
733.189	1065
733.707	1054
734.225	1050
734.743	1046
735.261	1057
735.779	1061
736.297	1059
736.814	1051
737.332	1055
737.85	1059
738.368	1054
738.885	1061
739.403	1046
739.921	1054
740.439	1061
740.956	1053
741.474	1053
741.991	1055
742.509	1055
743.027	1057
743.544	1050
744.062	1061
744.579	1054
745.097	1061
745.614	1062
746.131	1045
746.649	1057
747.166	1050
747.684	1054
748.201	1046
748.718	1053
749.236	1043
749.753	1048
750.27	1040
750.788	1039
751.305	1050
751.822	1044
752.339	1047
752.856	1047
753.374	1044
753.891	1036
754.408	1041
754.925	1039
755.442	1053
755.959	1048
756.476	1041
756.993	1044
757.51	1038
758.027	1040
758.544	1037
759.061	1043
759.578	1041
760.095	1039
760.612	1041
761.128	1043
761.645	1036
762.162	1037
762.679	1042
763.196	1032
763.712	1043
764.229	1030
764.746	1034
765.263	1033
765.779	1032
766.296	1038
766.812	1036
767.329	1035
767.846	1039
768.362	1046
768.879	1036
769.395	1042
769.912	1031
770.428	1034
770.945	1036
771.461	1027
771.978	1046
772.494	1039
773.01	1038
773.527	1034
774.043	1030
774.559	1042
775.076	1034
775.592	1031
776.108	1037
776.624	1039
777.141	1038
777.657	1032
778.173	1042
778.689	1025
779.205	1032
779.721	1032
780.237	1029
780.753	1027
781.27	1034
781.786	1027
782.302	1030
782.818	1025
783.333	1029
783.849	1025
784.365	1032
784.881	1029
785.397	1037
785.913	1037
786.429	1032
786.945	1032
787.46	1028
787.976	1030
788.492	1037
789.008	1036
789.523	1033
790.039	1033
790.555	1043
791.07	1035
791.586	1030
792.102	1032
792.617	1032
793.133	1033
793.648	1031
794.164	1036
794.679	1035
795.195	1035
795.71	1028
796.226	1040
796.741	1035
797.256	1032
797.772	1028
798.287	1030
798.802	1031
799.318	1035
799.833	1034
800.348	1034
800.864	1031
801.379	1035
801.894	1039
802.409	1035
802.924	1027
803.44	1025
803.955	1033
804.47	1032
804.985	1035
805.5	1026
806.015	1039
806.53	1036
807.045	1029
807.56	1034
808.075	1030
808.59	1026
809.105	1028
809.619	1036
810.134	1031
810.649	1038
811.164	1032
811.679	1036
812.194	1031
812.708	1030
813.223	1029
813.738	1033
814.252	1029
814.767	1028
815.282	1038
815.796	1034
816.311	1032
816.826	1030
817.34	1039
817.855	1025
818.369	1034
818.884	1027
819.398	1030
819.913	1031
820.427	1032
820.941	1026
821.456	1032
821.97	1023
822.484	1027
822.999	1032
823.513	1038
824.027	1032
824.542	1030
825.056	1029
825.57	1027
826.084	1027
826.598	1023
827.113	1027
827.627	1031
828.141	1025
828.655	1033
829.169	1032
829.683	1032
830.197	1026
830.711	1034
831.225	1030
831.739	1023
832.253	1020
832.767	1027
833.281	1019
833.795	1022
834.308	1027
834.822	1024
835.336	1022
835.85	1020
836.364	1021
836.877	1027
837.391	1024
837.905	1026
838.418	1024
838.932	1025
839.446	1016
839.959	1024
840.473	1023
840.986	1023
841.5	1023
842.013	1025
842.527	1018
843.04	1025
843.554	1021
844.067	1021
844.581	1020
845.094	1019
845.607	1023
846.121	1024
846.634	1020
847.147	1020
847.661	1023
848.174	1016
848.687	1020
849.2	1017
849.714	1019
850.227	1024
850.74	1020
851.253	1017
851.766	1024
852.279	1018
852.792	1017
853.305	1021
853.818	1017
854.331	1022
854.844	1020
855.357	1027
855.87	1020
856.383	1020
856.896	1021
857.409	1017
857.921	1023
858.434	1016
858.947	1018
859.46	1019
859.973	1024
860.485	1021
860.998	1022
861.511	1012
862.023	1023
862.536	1024
863.049	1025
863.561	1019
864.074	1021
864.586	1023
865.099	1021
865.611	1017
866.124	1017
866.636	1016
867.149	1020
867.661	1019
868.173	1020
868.686	1015
869.198	1021
869.71	1025
870.223	1020
870.735	1023
871.247	1024
871.759	1023
872.272	1021
872.784	1021
873.296	1019
873.808	1024
874.32	1023
874.832	1028
875.344	1023
875.856	1016
876.368	1020
876.88	1024
877.392	1013
877.904	1019
878.416	1021
878.928	1020
879.44	1020
879.952	1020
880.464	1022
880.976	1021
881.487	1027
881.999	1021
882.511	1025
883.023	1027
883.534	1025
884.046	1027
884.558	1023
885.069	1019
885.581	1025
886.093	1028
886.604	1025
887.116	1023
887.627	1024
888.139	1034
888.65	1028
889.162	1023
889.673	1021
890.185	1020
890.696	1023
891.207	1028
891.719	1027
892.23	1031
892.741	1032
893.253	1027
893.764	1027
894.275	1029
894.786	1025
895.297	1027
895.809	1030
896.32	1036
896.831	1031
897.342	1021
897.853	1023
898.364	1035
898.875	1029
899.386	1032
899.897	1022
900.408	1022
900.919	1032
901.43	1029
901.941	1026
902.451	1027
902.962	1021
903.473	1027
903.984	1027
904.495	1033
905.005	1023
905.516	1028
906.027	1027
906.538	1027
907.048	1021
907.559	1022
908.069	1022
908.58	1025
909.091	1023
909.601	1018
910.112	1007
910.622	1007
911.133	1006
911.643	1004
912.154	1005
912.664	1008
913.174	1006
913.685	1006
914.195	1003
914.705	1006
915.216	1005
915.726	1007
916.236	1003
916.746	1003
917.256	1005
917.767	1006
918.277	1001
918.787	1005
919.297	1002
919.807	1007
920.317	1004
920.827	1006
921.337	1006
921.847	1003
922.357	1007
922.867	1004
923.377	1005
923.887	1003
924.397	1008
924.906	1007
925.416	1006
925.926	1007
926.436	1003
926.946	1007
927.455	1008
927.965	1006
928.475	1004
928.984	1003
929.494	1010
930.004	1005
930.513	1004
931.023	1008
931.532	1002
932.042	1008
932.551	1006
933.061	1008
933.57	1008
934.08	1006
934.589	1006
935.098	1008
935.608	1008
936.117	1009
936.626	1007
937.136	1005
937.645	1010
938.154	1009
938.663	1012
939.173	1007
939.682	1008
940.191	1011
940.7	1011
941.209	1009
941.718	1007
942.227	1010
942.736	1010
943.245	1012
943.754	1008
944.263	1011
944.772	1008
945.281	1007
945.79	1008
946.299	1009
946.807	1007
947.316	1011
947.825	1010
948.334	1007
948.843	1010
949.351	1013
949.86	1014
950.369	1012
950.877	1015
951.386	1015
951.894	1028
952.403	1033
952.911	1033
953.42	1039
953.929	1029
954.437	1035
954.945	1024
955.454	1021
955.962	1017
956.471	1024
956.979	1015
957.487	1024
957.996	1018
958.504	1018
959.012	1017
959.52	1020
960.029	1019
960.537	1019
961.045	1019
961.553	1013
962.061	1018
962.569	1015
963.077	1020
963.585	1026
