432.895	1001
433.423	1000
433.95	1001
434.478	1000
435.006	997
435.534	998
436.062	999
436.589	1000
437.117	998
437.645	1002
438.172	997
438.7	1001
439.228	1002
439.756	1002
440.283	999
440.811	1002
441.338	1000
441.866	1001
442.394	1001
442.921	1000
443.449	1000
443.976	999
444.504	1000
445.031	999
445.559	1000
446.086	999
446.614	1001
447.141	1000
447.669	998
448.196	999
448.724	1001
449.251	997
449.778	998
450.306	1004
450.833	1001
451.361	998
451.888	997
452.415	999
452.943	999
453.47	1000
453.997	999
454.524	1002
455.052	1000
455.579	1000
456.106	1001
456.633	999
457.16	999
457.688	1001
458.215	998
458.742	999
459.269	999
459.796	998
460.323	1000
460.85	999
461.377	998
461.904	1001
462.431	1000
462.958	1002
463.485	999
464.012	998
464.539	1000
465.066	999
465.593	999
466.12	999
466.647	999
467.174	1003
467.701	999
468.228	1000
468.755	999
469.282	999
469.808	998
470.335	998
470.862	1000
471.389	1003
471.915	999
472.442	999
472.969	998
473.496	999
474.022	1000
474.549	999
475.076	998
475.602	997
476.129	998
476.656	998
477.182	1000
477.709	1001
478.235	999
478.762	1000
479.289	999
479.815	999
480.342	999
480.868	999
481.395	999
481.921	1000
482.448	998
482.974	1002
483.5	1000
484.027	999
484.553	998
485.08	998
485.606	1000
486.132	998
486.659	1002
487.185	999
487.711	1001
488.238	1000
488.764	997
489.29	998
489.816	1001
490.343	1000
490.869	1000
491.395	1000
491.921	998
492.447	1002
492.973	1000
493.5	998
494.026	998
494.552	1001
495.078	998
495.604	996
496.13	1003
496.656	1001
497.182	997
497.708	1000
498.234	998
498.76	998
499.286	1001
499.812	1001
500.338	1000
500.864	999
501.39	1002
501.916	1006
502.441	1002
502.967	1004
503.493	1005
504.019	1004
504.545	1008
505.071	1003
505.596	1004
506.122	1001
506.648	1007
507.174	1008
507.699	1001
508.225	1004
508.751	1007
509.276	1006
509.802	1002
510.328	1007
510.853	1009
511.379	1006
511.904	1010
512.43	1011
512.955	1008
513.481	1009
514.006	1012
514.532	1007
515.057	1010
515.583	1011
516.108	1004
516.634	1011
517.159	1011
517.685	1010
518.21	1010
518.735	1009
519.261	1005
519.786	1012
520.311	1010
520.837	1011
521.362	1010
521.887	1013
522.413	1013
522.938	1010
523.463	1010
523.988	1014
524.513	1019
525.039	1010
525.564	1016
526.089	1010
526.614	1012
527.139	1018
527.664	1014
528.189	1016
528.714	1012
529.24	1015
529.765	1011
530.29	1011
530.815	1015
531.34	1011
531.865	1014
532.389	1011
532.914	1010
533.439	1014
533.964	1013
534.489	1012
535.014	1012
535.539	1009
536.064	1018
536.588	1020
537.113	1016
537.638	1020
538.163	1017
538.688	1019
539.212	1016
539.737	1011
540.262	1013
540.786	1018
541.311	1025
541.836	1015
542.36	1021
542.885	1021
543.41	1025
543.934	1025
544.459	1022
544.983	1026
545.508	1018
546.032	1025
546.557	1026
547.081	1021
547.606	1024
548.13	1028
548.655	1020
549.179	1026
549.704	1026
550.228	1024
550.752	1026
551.277	1025
551.801	1029
552.325	1028
552.85	1032
553.374	1032
553.898	1038
554.423	1032
554.947	1031
555.471	1035
555.995	1037
556.519	1034
557.044	1036
557.568	1043
558.092	1041
558.616	1037
559.14	1035
559.664	1037
560.188	1030
560.712	1037
561.236	1031
561.76	1041
562.284	1043
562.808	1039
563.332	1037
563.856	1040
564.38	1034
564.904	1035
565.428	1042
565.952	1044
566.476	1042
567	1040
567.523	1048
568.047	1040
568.571	1051
569.095	1039
569.619	1048
570.142	1050
570.666	1047
571.19	1042
571.714	1040
572.237	1042
572.761	1052
573.285	1049
573.808	1048
574.332	1045
574.855	1040
575.379	1052
575.903	1054
576.426	1045
576.95	1056
577.473	1051
577.997	1047
578.52	1058
579.044	1053
579.567	1058
580.09	1062
580.614	1062
581.137	1045
581.661	1055
582.184	1053
582.707	1056
583.231	1050
583.754	1059
584.277	1049
584.8	1070
585.324	1058
585.847	1051
586.37	1065
586.893	1049
587.417	1062
587.94	1056
588.463	1059
588.986	1059
589.509	1055
590.032	1074
590.555	1065
591.078	1062
591.601	1064
592.124	1058
592.647	1070
593.17	1063
593.693	1067
594.216	1076
594.739	1066
595.262	1065
595.785	1065
596.308	1065
596.831	1073
597.354	1057
597.877	1063
598.399	1065
598.922	1076
599.445	1071
599.968	1078
600.49	1067
601.013	1062
601.536	1060
602.059	1069
602.581	1065
603.104	1066
603.627	1080
604.149	1072
604.672	1073
605.194	1075
605.717	1071
606.24	1060
606.762	1069
607.285	1068
607.807	1075
608.33	1077
608.852	1073
609.374	1076
609.897	1069
610.419	1080
610.942	1066
611.464	1064
611.986	1076
612.509	1078
613.031	1081
613.553	1068
614.076	1071
614.598	1080
615.12	1073
615.642	1065
616.165	1073
616.687	1081
617.209	1068
617.731	1078
618.253	1076
618.775	1081
619.297	1079
619.82	1073
620.342	1086
620.864	1092
621.386	1083
621.908	1079
622.43	1085
622.952	1084
623.474	1079
623.996	1087
624.518	1078
625.039	1088
625.561	1088
626.083	1085
626.605	1083
627.127	1088
627.649	1091
628.171	1084
628.692	1087
629.214	1082
629.736	1096
630.258	1085
630.779	1093
631.301	1100
631.823	1093
632.344	1107
632.866	1088
633.388	1090
633.909	1103
634.431	1095
634.952	1093
635.474	1092
635.995	1087
636.517	1096
637.038	1126
637.56	1083
638.081	1111
638.603	1088
639.124	1100
639.646	1105
640.167	1096
640.688	1102
641.21	1103
641.731	1104
642.252	1112
642.773	1102
643.295	1101
643.816	1102
644.337	1113
644.859	1107
645.38	1111
645.901	1112
646.422	1105
646.943	1103
647.464	1115
647.985	1115
648.506	1101
649.028	1126
649.549	1117
650.07	1119
650.591	1114
651.112	1130
651.633	1113
652.154	1127
652.674	1124
653.195	1114
653.716	1133
654.237	1126
654.758	1132
655.279	1122
655.8	1136
656.321	1118
656.841	1125
657.362	1126
657.883	1130
658.404	1134
658.924	1139
659.445	1146
659.966	1133
660.486	1140
661.007	1140
661.528	1126
662.048	1125
662.569	1140
663.089	1144
663.61	1157
664.13	1147
664.651	1138
665.171	1141
665.692	1160
666.212	1149
666.733	1153
667.253	1144
667.774	1137
668.294	1154
668.814	1153
669.335	1149
669.855	1142
670.375	1147
670.896	1148
671.416	1152
671.936	1144
672.456	1158
672.977	1160
673.497	1145
674.017	1156
674.537	1161
675.057	1167
675.577	1151
676.097	1159
676.617	1145
677.137	1165
677.657	1149
678.177	1158
678.698	1166
679.217	1181
679.737	1179
680.257	1179
680.777	1165
681.297	1164
681.817	1177
682.337	1165
682.857	1170
683.377	1170
683.896	1171
684.416	1181
684.936	1179
685.456	1169
685.975	1181
686.495	1174
687.015	1169
687.535	1181
688.054	1190
688.574	1179
689.093	1181
689.613	1188
690.133	1194
690.652	1193
691.172	1194
691.691	1199
692.211	1187
692.73	1200
693.25	1169
693.769	1196
694.289	1215
694.808	1202
695.327	1202
695.847	1207
696.366	1202
696.885	1204
697.405	1198
697.924	1201
698.443	1204
698.962	1205
699.482	1199
700.001	1220
700.52	1190
701.039	1227
701.558	1194
702.078	1222
702.597	1221
703.116	1210
703.635	1215
704.154	1202
704.673	1218
705.192	1228
705.711	1222
706.23	1213
706.749	1231
707.268	1228
707.787	1253
708.306	1219
708.824	1234
709.343	1209
709.862	1237
710.381	1224
710.9	1231
711.419	1218
711.937	1235
712.456	1227
712.975	1248
713.493	1247
714.012	1240
714.531	1229
715.049	1246
715.568	1242
716.087	1237
716.605	1254
717.124	1247
717.642	1259
718.161	1249
718.679	1251
719.198	1254
719.716	1248
720.235	1246
720.753	1252
721.272	1258
721.79	1248
722.308	1236
722.827	1255
723.345	1257
723.863	1266
724.382	1252
724.9	1275
725.418	1279
725.936	1258
726.455	1265
726.973	1252
727.491	1254
728.009	1286
728.527	1267
729.045	1271
729.563	1277
730.081	1274
730.599	1265
731.117	1280
731.635	1269
732.153	1248
732.671	1262
733.189	1275
733.707	1267
734.225	1278
734.743	1267
735.261	1282
735.779	1271
736.297	1268
736.814	1257
737.332	1274
737.85	1279
738.368	1269
738.885	1288
739.403	1260
739.921	1266
740.439	1259
740.956	1292
741.474	1276
741.991	1261
742.509	1275
743.027	1265
743.544	1273
744.062	1290
744.579	1266
745.097	1273
745.614	1251
746.131	1274
746.649	1270
747.166	1268
747.684	1271
748.201	1285
748.718	1272
749.236	1264
749.753	1251
750.27	1268
750.788	1290
751.305	1284
751.822	1271
752.339	1301
752.856	1279
753.374	1283
753.891	1286
754.408	1290
754.925	1284
755.442	1288
755.959	1292
756.476	1270
756.993	1274
757.51	1274
758.027	1255
758.544	1280
759.061	1269
759.578	1257
760.095	1278
760.612	1275
761.128	1271
761.645	1267
762.162	1281
762.679	1297
763.196	1259
763.712	1266
764.229	1292
764.746	1276
765.263	1279
765.779	1285
766.296	1296
766.812	1280
767.329	1265
767.846	1288
768.362	1290
768.879	1294
769.395	1284
769.912	1285
770.428	1273
770.945	1276
771.461	1275
771.978	1297
772.494	1284
773.01	1296
773.527	1295
774.043	1259
774.559	1275
775.076	1289
775.592	1283
776.108	1277
776.624	1300
777.141	1275
777.657	1271
778.173	1255
778.689	1270
779.205	1246
779.721	1271
780.237	1266
780.753	1284
781.27	1268
781.786	1274
782.302	1287
782.818	1277
783.333	1268
783.849	1284
784.365	1276
784.881	1264
785.397	1268
785.913	1288
786.429	1285
786.945	1291
787.46	1273
787.976	1261
788.492	1254
789.008	1283
789.523	1280
790.039	1265
790.555	1259
791.07	1284
791.586	1277
792.102	1289
792.617	1260
793.133	1272
793.648	1267
794.164	1290
794.679	1277
795.195	1265
795.71	1250
796.226	1259
796.741	1268
797.256	1263
797.772	1268
798.287	1246
798.802	1275
799.318	1263
799.833	1246
800.348	1245
800.864	1253
801.379	1240
801.894	1252
802.409	1247
802.924	1240
803.44	1259
803.955	1244
804.47	1252
804.985	1246
805.5	1239
806.015	1250
806.53	1250
807.045	1246
807.56	1243
808.075	1240
808.59	1234
809.105	1246
809.619	1254
810.134	1243
810.649	1246
811.164	1252
811.679	1237
812.194	1238
812.708	1237
813.223	1227
813.738	1252
814.252	1222
814.767	1238
815.282	1224
815.796	1231
816.311	1240
816.826	1236
817.34	1250
817.855	1251
818.369	1237
818.884	1253
819.398	1254
819.913	1259
820.427	1238
820.941	1237
821.456	1241
821.97	1243
822.484	1247
822.999	1236
823.513	1239
824.027	1228
824.542	1252
825.056	1251
825.57	1252
826.084	1242
826.598	1268
827.113	1239
827.627	1248
828.141	1242
828.655	1231
829.169	1253
829.683	1249
830.197	1259
830.711	1251
831.225	1245
831.739	1249
832.253	1232
832.767	1239
833.281	1244
833.795	1240
834.308	1238
834.822	1232
835.336	1258
835.85	1248
836.364	1248
836.877	1253
837.391	1261
837.905	1238
838.418	1252
838.932	1235
839.446	1258
839.959	1237
840.473	1236
840.986	1236
841.5	1230
842.013	1270
842.527	1237
843.04	1248
843.554	1250
844.067	1248
844.581	1239
845.094	1248
845.607	1231
846.121	1240
846.634	1243
847.147	1239
847.661	1259
848.174	1234
848.687	1254
849.2	1261
849.714	1260
850.227	1240
850.74	1240
851.253	1280
851.766	1243
852.279	1247
852.792	1260
853.305	1272
853.818	1237
854.331	1248
854.844	1252
855.357	1236
855.87	1258
856.383	1246
856.896	1257
857.409	1258
857.921	1264
858.434	1245
858.947	1244
859.46	1248
859.973	1249
860.485	1223
860.998	1255
861.511	1242
862.023	1253
862.536	1251
863.049	1247
863.561	1247
864.074	1255
864.586	1253
865.099	1237
865.611	1241
866.124	1264
866.636	1242
867.149	1232
867.661	1258
868.173	1235
868.686	1269
869.198	1257
869.71	1252
870.223	1264
870.735	1247
871.247	1261
871.759	1243
872.272	1260
872.784	1256
873.296	1240
873.808	1252
874.32	1236
874.832	1260
875.344	1259
875.856	1260
876.368	1255
876.88	1254
877.392	1251
877.904	1254
878.416	1275
878.928	1254
879.44	1249
879.952	1238
880.464	1256
880.976	1266
881.487	1248
881.999	1241
882.511	1252
883.023	1256
883.534	1245
884.046	1243
884.558	1251
885.069	1267
885.581	1264
886.093	1241
886.604	1245
887.116	1222
887.627	1234
888.139	1253
888.65	1233
889.162	1229
889.673	1261
890.185	1250
890.696	1244
891.207	1227
891.719	1254
892.23	1235
892.741	1235
893.253	1232
893.764	1239
894.275	1232
894.786	1236
895.297	1243
895.809	1233
896.32	1246
896.831	1238
897.342	1248
897.853	1242
898.364	1241
898.875	1233
899.386	1236
899.897	1256
900.408	1247
900.919	1239
901.43	1218
901.941	1242
902.451	1224
902.962	1234
903.473	1225
903.984	1222
904.495	1226
905.005	1244
905.516	1227
906.027	1227
906.538	1221
907.048	1217
907.559	1230
908.069	1219
908.58	1210
909.091	1163
909.601	1142
910.112	1093
910.622	1070
911.133	1044
911.643	1036
912.154	1018
912.664	1012
913.174	1014
913.685	1005
914.195	1007
914.705	1003
915.216	1000
915.726	1009
916.236	1006
916.746	1004
917.256	1003
917.767	1007
918.277	1005
918.787	1002
919.297	1002
919.807	1000
920.317	1004
920.827	1004
921.337	1001
921.847	1000
922.357	1005
922.867	1006
923.377	1002
923.887	1004
924.397	1001
924.906	1005
925.416	1004
925.926	1004
926.436	1001
926.946	1004
927.455	1005
927.965	1002
928.475	1006
928.984	1003
929.494	1007
930.004	1003
930.513	1004
931.023	1003
931.532	1003
932.042	1002
932.551	1004
933.061	1007
933.57	1007
934.08	1007
934.589	1006
935.098	1010
935.608	1002
936.117	1005
936.626	1005
937.136	1004
937.645	1009
938.154	1006
938.663	1003
939.173	1008
939.682	1004
940.191	1007
940.7	1005
941.209	1009
941.718	1009
942.227	1009
942.736	1003
943.245	1004
943.754	1007
944.263	1006
944.772	1007
945.281	1008
945.79	1010
946.299	1009
946.807	1007
947.316	1004
947.825	1007
948.334	1003
948.843	1009
949.351	1007
949.86	1008
950.369	1014
950.877	1020
951.386	1021
951.894	1021
952.403	1015
952.911	1018
953.42	1019
953.929	1016
954.437	1014
954.945	1012
955.454	1018
955.962	1014
956.471	1014
956.979	1018
957.487	1012
957.996	1012
958.504	1012
959.012	1013
959.52	1009
960.029	1008
960.537	1014
961.045	1009
961.553	1016
962.061	1008
962.569	1011
963.077	1018
963.585	1012
