432.895	1000
433.423	998
433.95	999
434.478	1001
435.006	1000
435.534	998
436.062	1004
436.589	998
437.117	999
437.645	997
438.172	1001
438.7	1000
439.228	1000
439.756	1002
440.283	1001
440.811	996
441.338	999
441.866	997
442.394	997
442.921	1001
443.449	997
443.976	997
444.504	999
445.031	1001
445.559	998
446.086	999
446.614	1001
447.141	1000
447.669	1000
448.196	998
448.724	998
449.251	997
449.778	1002
450.306	998
450.833	1002
451.361	999
451.888	998
452.415	1003
452.943	1001
453.47	1000
453.997	1001
454.524	998
455.052	1000
455.579	999
456.106	1000
456.633	999
457.16	997
457.688	1003
458.215	1004
458.742	1001
459.269	999
459.796	999
460.323	1003
460.85	998
461.377	999
461.904	999
462.431	1000
462.958	1001
463.485	996
464.012	999
464.539	1001
465.066	1001
465.593	997
466.12	1000
466.647	1001
467.174	999
467.701	1001
468.228	1001
468.755	1000
469.282	1001
469.808	999
470.335	998
470.862	999
471.389	1002
471.915	999
472.442	995
472.969	997
473.496	1000
474.022	999
474.549	1001
475.076	1001
475.602	998
476.129	997
476.656	1001
477.182	997
477.709	1003
478.235	1001
478.762	1000
479.289	1002
479.815	1000
480.342	999
480.868	1001
481.395	999
481.921	1000
482.448	997
482.974	1002
483.5	1001
484.027	998
484.553	1002
485.08	1000
485.606	999
486.132	1000
486.659	1001
487.185	1002
487.711	1001
488.238	999
488.764	1002
489.29	1000
489.816	1000
490.343	1000
490.869	1003
491.395	1001
491.921	996
492.447	998
492.973	997
493.5	1000
494.026	997
494.552	999
495.078	1003
495.604	1000
496.13	1000
496.656	1001
497.182	1000
497.708	1003
498.234	1001
498.76	1002
499.286	1002
499.812	1008
500.338	1010
500.864	1017
501.39	1029
501.916	1033
502.441	1041
502.967	1042
503.493	1037
504.019	1052
504.545	1044
505.071	1050
505.596	1053
506.122	1064
506.648	1056
507.174	1057
507.699	1063
508.225	1056
508.751	1061
509.276	1076
509.802	1085
510.328	1080
510.853	1077
511.379	1079
511.904	1089
512.43	1077
512.955	1080
513.481	1104
514.006	1099
514.532	1109
515.057	1118
515.583	1114
516.108	1122
516.634	1117
517.159	1132
517.685	1123
518.21	1132
518.735	1134
519.261	1141
519.786	1140
520.311	1149
520.837	1165
521.362	1162
521.887	1154
522.413	1169
522.938	1169
523.463	1189
523.988	1175
524.513	1188
525.039	1185
525.564	1186
526.089	1210
526.614	1211
527.139	1216
527.664	1212
528.189	1226
528.714	1223
529.24	1220
529.765	1221
530.29	1221
530.815	1215
531.34	1217
531.865	1199
532.389	1219
532.914	1216
533.439	1223
533.964	1236
534.489	1245
535.014	1270
535.539	1282
536.064	1274
536.588	1301
537.113	1307
537.638	1317
538.163	1302
538.688	1327
539.212	1331
539.737	1333
540.262	1329
540.786	1343
541.311	1327
541.836	1335
542.36	1339
542.885	1374
543.41	1369
543.934	1380
544.459	1373
544.983	1396
545.508	1377
546.032	1403
546.557	1414
547.081	1429
547.606	1453
548.13	1422
548.655	1449
549.179	1451
549.704	1418
550.228	1481
550.752	1480
551.277	1469
551.801	1492
552.325	1501
552.85	1512
553.374	1517
553.898	1500
554.423	1545
554.947	1544
555.471	1548
555.995	1571
556.519	1574
557.044	1575
557.568	1581
558.092	1624
558.616	1607
559.14	1665
559.664	1628
560.188	1654
560.712	1628
561.236	1653
561.76	1650
562.284	1685
562.808	1656
563.332	1714
563.856	1672
564.38	1686
564.904	1744
565.428	1753
565.952	1775
566.476	1791
567	1791
567.523	1779
568.047	1770
568.571	1798
569.095	1819
569.619	1829
570.142	1804
570.666	1854
571.19	1849
571.714	1871
572.237	1876
572.761	1898
573.285	1878
573.808	1911
574.332	1918
574.855	1923
575.379	1915
575.903	1946
576.426	1928
576.95	1970
577.473	1986
577.997	2011
578.52	1995
579.044	1992
579.567	2017
580.09	2037
580.614	2035
581.137	2063
581.661	2086
582.184	2101
582.707	2111
583.231	2147
583.754	2125
584.277	2137
584.8	2125
585.324	2171
585.847	2208
586.37	2239
586.893	2176
587.417	2230
587.94	2236
588.463	2270
588.986	2242
589.509	2234
590.032	2303
590.555	2313
591.078	2301
591.601	2337
592.124	2310
592.647	2343
593.17	2315
593.693	2340
594.216	2390
594.739	2420
595.262	2414
595.785	2388
596.308	2440
596.831	2420
597.354	2432
597.877	2470
598.399	2484
598.922	2442
599.445	2442
599.968	2425
600.49	2416
601.013	2433
601.536	2485
602.059	2460
602.581	2469
603.104	2524
603.627	2584
604.149	2521
604.672	2561
605.194	2581
605.717	2560
606.24	2578
606.762	2585
607.285	2632
607.807	2603
608.33	2619
608.852	2634
609.374	2676
609.897	2646
610.419	2659
610.942	2641
611.464	2654
611.986	2674
612.509	2671
613.031	2637
613.553	2631
614.076	2724
614.598	2679
615.12	2691
615.642	2691
616.165	2679
616.687	2686
617.209	2731
617.731	2706
618.253	2695
618.775	2776
619.297	2759
619.82	2770
620.342	2773
620.864	2751
621.386	2737
621.908	2794
622.43	2809
622.952	2765
623.474	2833
623.996	2803
624.518	2857
625.039	2925
625.561	2890
626.083	2871
626.605	2927
627.127	2982
627.649	2910
628.171	2936
628.692	2936
629.214	2950
629.736	2976
630.258	2966
630.779	2962
631.301	2944
631.823	2961
632.344	2938
632.866	2997
633.388	3008
633.909	3034
634.431	2989
634.952	3027
635.474	3054
635.995	3043
636.517	3043
637.038	3025
637.56	3053
638.081	3081
638.603	3125
639.124	3140
639.646	3145
640.167	3047
640.688	3144
641.21	3150
641.731	3154
642.252	3160
642.773	3116
643.295	3148
643.816	3189
644.337	3248
644.859	3189
645.38	3219
645.901	3221
646.422	3260
646.943	3254
647.464	3264
647.985	3287
648.506	3308
649.028	3334
649.549	3379
650.07	3361
650.591	3372
651.112	3354
651.633	3368
652.154	3368
652.674	3390
653.195	3430
653.716	3425
654.237	3482
654.758	3436
655.279	3448
655.8	3440
656.321	3465
656.841	3462
657.362	3542
657.883	3474
658.404	3569
658.924	3480
659.445	3483
659.966	3517
660.486	3557
661.007	3528
661.528	3603
662.048	3624
662.569	3524
663.089	3617
663.61	3548
664.13	3557
664.651	3622
665.171	3595
665.692	3571
666.212	3581
666.733	3540
667.253	3614
667.774	3542
668.294	3579
668.814	3642
669.335	3660
669.855	3610
670.375	3613
670.896	3613
671.416	3668
671.936	3675
672.456	3648
672.977	3623
673.497	3694
674.017	3668
674.537	3699
675.057	3762
675.577	3705
676.097	3676
676.617	3693
677.137	3673
677.657	3687
678.177	3645
678.698	3704
679.217	3679
679.737	3767
680.257	3693
680.777	3745
681.297	3722
681.817	3745
682.337	3780
682.857	3804
683.377	3838
683.896	3859
684.416	3890
684.936	3870
685.456	3849
685.975	3839
686.495	3864
687.015	3879
687.535	3961
688.054	3947
688.574	4019
689.093	3985
689.613	3976
690.133	4011
690.652	3993
691.172	4050
691.691	4072
692.211	4010
692.73	4037
693.25	4077
693.769	4131
694.289	4052
694.808	4131
695.327	4118
695.847	4134
696.366	4155
696.885	4064
697.405	4140
697.924	4193
698.443	4194
698.962	4147
699.482	4214
700.001	4184
700.52	4206
701.039	4165
701.558	4191
702.078	4167
702.597	4207
703.116	4223
703.635	4206
704.154	4278
704.673	4265
705.192	4290
705.711	4349
706.23	4425
706.749	4451
707.268	4409
707.787	4468
708.306	4436
708.824	4414
709.343	4427
709.862	4469
710.381	4440
710.9	4471
711.419	4520
711.937	4522
712.456	4561
712.975	4504
713.493	4555
714.012	4602
714.531	4509
715.049	4571
715.568	4629
716.087	4591
716.605	4651
717.124	4761
717.642	4656
718.161	4636
718.679	4730
719.198	4770
719.716	4670
720.235	4657
720.753	4734
721.272	4739
721.79	4677
722.308	4671
722.827	4640
723.345	4675
723.863	4704
724.382	4655
724.9	4678
725.418	4652
725.936	4748
726.455	4732
726.973	4755
727.491	4780
728.009	4848
728.527	4800
729.045	4740
729.563	4814
730.081	4840
730.599	4825
731.117	4857
731.635	4859
732.153	4784
732.671	4825
733.189	4838
733.707	4788
734.225	4812
734.743	4812
735.261	4791
735.779	4775
736.297	4808
736.814	4693
737.332	4737
737.85	4825
738.368	4887
738.885	4825
739.403	4825
739.921	4912
740.439	4861
740.956	4909
741.474	4931
741.991	4916
742.509	4920
743.027	4894
743.544	4975
744.062	4941
744.579	4851
745.097	4839
745.614	4747
746.131	4869
746.649	4829
747.166	4828
747.684	4897
748.201	4874
748.718	4929
749.236	4921
749.753	5039
750.27	5045
750.788	5015
751.305	5016
751.822	5046
752.339	5111
752.856	5073
753.374	5064
753.891	5054
754.408	5085
754.925	5052
755.442	5034
755.959	5040
756.476	4985
756.993	4992
757.51	5016
758.027	5010
758.544	5013
759.061	4923
759.578	4969
760.095	4981
760.612	4922
761.128	4971
761.645	4955
762.162	4859
762.679	4882
763.196	4875
763.712	4933
764.229	4956
764.746	5022
765.263	4970
765.779	4949
766.296	4954
766.812	4931
767.329	4918
767.846	4935
768.362	4900
768.879	4908
769.395	4918
769.912	4833
770.428	4807
770.945	4841
771.461	4849
771.978	4871
772.494	4923
773.01	4868
773.527	4870
774.043	4953
774.559	4817
775.076	4886
775.592	4819
776.108	4921
776.624	4875
777.141	4841
777.657	4892
778.173	4989
778.689	4864
779.205	4863
779.721	4866
780.237	4821
780.753	4732
781.27	4827
781.786	4768
782.302	4848
782.818	4819
783.333	4785
783.849	4759
784.365	4810
784.881	4722
785.397	4783
785.913	4854
786.429	4816
786.945	4792
787.46	4784
787.976	4755
788.492	4828
789.008	4710
789.523	4813
790.039	4745
790.555	4789
791.07	4673
791.586	4648
792.102	4649
792.617	4577
793.133	4542
793.648	4579
794.164	4553
794.679	4551
795.195	4574
795.71	4523
796.226	4433
796.741	4499
797.256	4497
797.772	4463
798.287	4508
798.802	4564
799.318	4492
799.833	4477
800.348	4563
800.864	4492
801.379	4435
801.894	4371
802.409	4372
802.924	4401
803.44	4425
803.955	4433
804.47	4321
804.985	4377
805.5	4316
806.015	4349
806.53	4373
807.045	4405
807.56	4356
808.075	4384
808.59	4343
809.105	4283
809.619	4306
810.134	4329
810.649	4309
811.164	4313
811.679	4236
812.194	4270
812.708	4322
813.223	4300
813.738	4279
814.252	4196
814.767	4288
815.282	4230
815.796	4248
816.311	4208
816.826	4274
817.34	4232
817.855	4180
818.369	4247
818.884	4249
819.398	4296
819.913	4284
820.427	4343
820.941	4228
821.456	4281
821.97	4246
822.484	4315
822.999	4352
823.513	4310
824.027	4237
824.542	4321
825.056	4310
825.57	4238
826.084	4196
826.598	4147
827.113	4155
827.627	4161
828.141	4190
828.655	4121
829.169	4091
829.683	4160
830.197	4136
830.711	4080
831.225	4127
831.739	4135
832.253	4192
832.767	4166
833.281	4133
833.795	4144
834.308	4072
834.822	4116
835.336	4146
835.85	4098
836.364	4170
836.877	4102
837.391	4214
837.905	4151
838.418	4098
838.932	4145
839.446	4151
839.959	4110
840.473	4110
840.986	4097
841.5	4134
842.013	4049
842.527	4101
843.04	4128
843.554	4173
844.067	4148
844.581	4102
845.094	4065
845.607	4065
846.121	4041
846.634	4067
847.147	4050
847.661	4111
848.174	4110
848.687	4152
849.2	4112
849.714	4158
850.227	4083
850.74	4154
851.253	4079
851.766	4067
852.279	4135
852.792	4143
853.305	4092
853.818	4077
854.331	4088
854.844	4117
855.357	4129
855.87	4136
856.383	4164
856.896	4125
857.409	4161
857.921	4121
858.434	4177
858.947	4195
859.46	4129
859.973	4182
860.485	4186
860.998	4229
861.511	4225
862.023	4189
862.536	4110
863.049	4114
863.561	4158
864.074	4059
864.586	4160
865.099	4188
865.611	4196
866.124	4204
866.636	4210
867.149	4138
867.661	4205
868.173	4169
868.686	4249
869.198	4218
869.71	4254
870.223	4201
870.735	4213
871.247	4219
871.759	4163
872.272	4206
872.784	4169
873.296	4207
873.808	4161
874.32	4130
874.832	4071
875.344	4097
875.856	4047
876.368	4026
876.88	4008
877.392	4168
877.904	4024
878.416	4149
878.928	4174
879.44	4138
879.952	4154
880.464	4191
880.976	4120
881.487	4119
881.999	4009
882.511	4044
883.023	4041
883.534	4032
884.046	3909
884.558	3966
885.069	3805
885.581	3892
886.093	3862
886.604	3864
887.116	3955
887.627	3927
888.139	3995
888.65	4055
889.162	4011
889.673	3998
890.185	4022
890.696	4044
891.207	4053
891.719	4046
892.23	4019
892.741	4018
893.253	3963
893.764	4032
894.275	3924
894.786	3942
895.297	4004
895.809	3987
896.32	3958
896.831	3941
897.342	3993
897.853	3941
898.364	3946
898.875	3972
899.386	4039
899.897	3951
900.408	3989
900.919	3930
901.43	3939
901.941	3911
902.451	3875
902.962	3962
903.473	3874
903.984	3852
904.495	3844
905.005	3825
905.516	3772
906.027	3779
906.538	3802
907.048	3699
907.559	3638
908.069	3631
908.58	3459
909.091	3234
909.601	2905
910.112	2452
910.622	2067
911.133	1669
911.643	1396
912.154	1251
912.664	1149
913.174	1103
913.685	1077
914.195	1044
914.705	1039
915.216	1034
915.726	1020
916.236	1019
916.746	1015
917.256	1019
917.767	1019
918.277	1022
918.787	1014
919.297	1017
919.807	1012
920.317	1011
920.827	1012
921.337	1017
921.847	1010
922.357	1013
922.867	1014
923.377	1010
923.887	1011
924.397	1012
924.906	1012
925.416	1011
925.926	1011
926.436	1013
926.946	1016
927.455	1009
927.965	1006
928.475	1009
928.984	1011
929.494	1014
930.004	1011
930.513	1015
931.023	1010
931.532	1014
932.042	1009
932.551	1016
933.061	1013
933.57	1014
934.08	1015
934.589	1011
935.098	1011
935.608	1014
936.117	1015
936.626	1015
937.136	1012
937.645	1009
938.154	1013
938.663	1011
939.173	1011
939.682	1017
940.191	1015
940.7	1010
941.209	1012
941.718	1008
942.227	1011
942.736	1006
943.245	1009
943.754	1010
944.263	1021
944.772	1013
945.281	1010
945.79	1013
946.299	1009
946.807	1007
947.316	1011
947.825	1014
948.334	1009
948.843	1015
949.351	1013
949.86	1013
950.369	1019
950.877	1018
951.386	1022
951.894	1026
952.403	1025
952.911	1017
953.42	1025
953.929	1017
954.437	1020
954.945	1017
955.454	1018
955.962	1015
956.471	1017
956.979	1016
957.487	1016
957.996	1015
958.504	1014
959.012	1018
959.52	1019
960.029	1011
960.537	1017
961.045	1011
961.553	1011
962.061	1017
962.569	1017
963.077	1011
963.585	1020
