432.895	1108
433.423	1106
433.95	1106
434.478	1114
435.006	1108
435.534	1112
436.062	1110
436.589	1107
437.117	1107
437.645	1107
438.172	1105
438.7	1101
439.228	1107
439.756	1103
440.283	1110
440.811	1108
441.338	1099
441.866	1107
442.394	1102
442.921	1102
443.449	1100
443.976	1103
444.504	1107
445.031	1100
445.559	1104
446.086	1100
446.614	1103
447.141	1106
447.669	1100
448.196	1096
448.724	1102
449.251	1100
449.778	1099
450.306	1106
450.833	1100
451.361	1100
451.888	1101
452.415	1100
452.943	1099
453.47	1104
453.997	1097
454.524	1095
455.052	1099
455.579	1099
456.106	1100
456.633	1104
457.16	1100
457.688	1104
458.215	1096
458.742	1096
459.269	1097
459.796	1097
460.323	1100
460.85	1099
461.377	1090
461.904	1102
462.431	1098
462.958	1098
463.485	1092
464.012	1096
464.539	1096
465.066	1096
465.593	1091
466.12	1093
466.647	1092
467.174	1088
467.701	1091
468.228	1092
468.755	1094
469.282	1089
469.808	1094
470.335	1091
470.862	1089
471.389	1093
471.915	1090
472.442	1090
472.969	1095
473.496	1096
474.022	1095
474.549	1092
475.076	1088
475.602	1093
476.129	1092
476.656	1090
477.182	1090
477.709	1091
478.235	1091
478.762	1091
479.289	1090
479.815	1086
480.342	1085
480.868	1083
481.395	1087
481.921	1089
482.448	1090
482.974	1084
483.5	1086
484.027	1089
484.553	1093
485.08	1088
485.606	1085
486.132	1085
486.659	1085
487.185	1092
487.711	1083
488.238	1090
488.764	1082
489.29	1088
489.816	1088
490.343	1089
490.869	1082
491.395	1089
491.921	1084
492.447	1085
492.973	1089
493.5	1090
494.026	1085
494.552	1090
495.078	1081
495.604	1082
496.13	1091
496.656	1082
497.182	1098
497.708	1096
498.234	1102
498.76	1127
499.286	1212
499.812	1413
500.338	1804
500.864	2062
501.39	2155
501.916	2220
502.441	2269
502.967	2318
503.493	2287
504.019	2384
504.545	2429
505.071	2476
505.596	2470
506.122	2480
506.648	2527
507.174	2571
507.699	2580
508.225	2581
508.751	2647
509.276	2682
509.802	2756
510.328	2761
510.853	2789
511.379	2760
511.904	2776
512.43	2836
512.955	2847
513.481	2963
514.006	2884
514.532	3021
515.057	3011
515.583	3107
516.108	3205
516.634	3228
517.159	3261
517.685	3338
518.21	3339
518.735	3444
519.261	3483
519.786	3611
520.311	3703
520.837	3729
521.362	3935
521.887	4009
522.413	4140
522.938	4165
523.463	4244
523.988	4382
524.513	4452
525.039	4557
525.564	4701
526.089	4796
526.614	5049
527.139	5114
527.664	5233
528.189	5312
528.714	5275
529.24	5316
529.765	5382
530.29	5253
530.815	5317
531.34	5235
531.865	5098
532.389	5100
532.914	5144
533.439	5244
533.964	5408
534.489	5489
535.014	5608
535.539	5791
536.064	5791
536.588	5829
537.113	5682
537.638	5612
538.163	5638
538.688	5501
539.212	5433
539.737	5336
540.262	5284
540.786	5243
541.311	5152
541.836	5122
542.36	5052
542.885	4909
543.41	4948
543.934	4882
544.459	4728
544.983	4758
545.508	4663
546.032	4619
546.557	4521
547.081	4492
547.606	4514
548.13	4412
548.655	4385
549.179	4326
549.704	4331
550.228	4293
550.752	4315
551.277	4221
551.801	4230
552.325	4188
552.85	4156
553.374	4140
553.898	4091
554.423	4084
554.947	4162
555.471	4190
555.995	4108
556.519	4160
557.044	4125
557.568	4189
558.092	4176
558.616	4186
559.14	4262
559.664	4206
560.188	4271
560.712	4319
561.236	4312
561.76	4268
562.284	4380
562.808	4430
563.332	4448
563.856	4497
564.38	4552
564.904	4625
565.428	4698
565.952	4716
566.476	4704
567	4746
567.523	4734
568.047	4782
568.571	4891
569.095	4917
569.619	4933
570.142	4950
570.666	4976
571.19	4916
571.714	5006
572.237	5022
572.761	4940
573.285	4990
573.808	4950
574.332	4951
574.855	4895
575.379	4885
575.903	4889
576.426	4956
576.95	4748
577.473	4714
577.997	4613
578.52	4561
579.044	4500
579.567	4467
580.09	4406
580.614	4388
581.137	4304
581.661	4226
582.184	4106
582.707	4046
583.231	4053
583.754	3904
584.277	3916
584.8	3780
585.324	3733
585.847	3667
586.37	3581
586.893	3586
587.417	3480
587.94	3510
588.463	3533
588.986	3579
589.509	3605
590.032	3569
590.555	3565
591.078	3587
591.601	3479
592.124	3571
592.647	3555
593.17	3524
593.693	3413
594.216	3478
594.739	3478
595.262	3501
595.785	3494
596.308	3518
596.831	3549
597.354	3491
597.877	3438
598.399	3460
598.922	3434
599.445	3472
599.968	3440
600.49	3434
601.013	3498
601.536	3473
602.059	3405
602.581	3467
603.104	3489
603.627	3530
604.149	3498
604.672	3509
605.194	3619
605.717	3569
606.24	3572
606.762	3561
607.285	3714
607.807	3645
608.33	3654
608.852	3671
609.374	3787
609.897	3772
610.419	3782
610.942	3804
611.464	3805
611.986	3884
612.509	3900
613.031	3825
613.553	3910
614.076	3883
614.598	3935
615.12	3886
615.642	3952
616.165	3904
616.687	3898
617.209	3930
617.731	4021
618.253	4055
618.775	4044
619.297	4045
619.82	4068
620.342	4042
620.864	4019
621.386	4053
621.908	4052
622.43	3976
622.952	3981
623.474	3937
623.996	3891
624.518	3859
625.039	3839
625.561	3822
626.083	3765
626.605	3757
627.127	3692
627.649	3656
628.171	3634
628.692	3597
629.214	3610
629.736	3564
630.258	3557
630.779	3509
631.301	3533
631.823	3450
632.344	3426
632.866	3393
633.388	3406
633.909	3340
634.431	3394
634.952	3379
635.474	3347
635.995	3351
636.517	3376
637.038	3341
637.56	3349
638.081	3311
638.603	3333
639.124	3293
639.646	3291
640.167	3324
640.688	3288
641.21	3311
641.731	3336
642.252	3332
642.773	3346
643.295	3367
643.816	3344
644.337	3374
644.859	3383
645.38	3413
645.901	3398
646.422	3389
646.943	3365
647.464	3384
647.985	3417
648.506	3438
649.028	3471
649.549	3472
650.07	3430
650.591	3469
651.112	3439
651.633	3526
652.154	3547
652.674	3546
653.195	3562
653.716	3555
654.237	3552
654.758	3559
655.279	3608
655.8	3616
656.321	3667
656.841	3626
657.362	3714
657.883	3742
658.404	3754
658.924	3850
659.445	3874
659.966	3918
660.486	3955
661.007	3981
661.528	4005
662.048	3984
662.569	4055
663.089	4094
663.61	4159
664.13	4143
664.651	4197
665.171	4210
665.692	4219
666.212	4319
666.733	4281
667.253	4303
667.774	4402
668.294	4480
668.814	4439
669.335	4568
669.855	4549
670.375	4598
670.896	4600
671.416	4585
671.936	4602
672.456	4571
672.977	4640
673.497	4572
674.017	4659
674.537	4648
675.057	4591
675.577	4584
676.097	4584
676.617	4561
677.137	4597
677.657	4572
678.177	4557
678.698	4541
679.217	4511
679.737	4582
680.257	4544
680.777	4439
681.297	4453
681.817	4465
682.337	4412
682.857	4418
683.377	4247
683.896	4236
684.416	4258
684.936	4202
685.456	4173
685.975	4160
686.495	4146
687.015	4145
687.535	4087
688.054	4104
688.574	4172
689.093	4093
689.613	4184
690.133	4131
690.652	4186
691.172	4149
691.691	4130
692.211	4096
692.73	4047
693.25	4121
693.769	4088
694.289	4055
694.808	4052
695.327	3986
695.847	3983
696.366	3983
696.885	3993
697.405	3961
697.924	4021
698.443	4053
698.962	3998
699.482	3928
700.001	3931
700.52	3996
701.039	4020
701.558	3966
702.078	4024
702.597	4057
703.116	4026
703.635	4039
704.154	4000
704.673	4010
705.192	3962
705.711	4010
706.23	4042
706.749	4016
707.268	4030
707.787	4013
708.306	4075
708.824	4099
709.343	4098
709.862	4088
710.381	4044
710.9	4168
711.419	4125
711.937	4129
712.456	4106
712.975	4202
713.493	4280
714.012	4181
714.531	4265
715.049	4270
715.568	4344
716.087	4286
716.605	4302
717.124	4364
717.642	4430
718.161	4398
718.679	4445
719.198	4425
719.716	4416
720.235	4507
720.753	4568
721.272	4640
721.79	4532
722.308	4608
722.827	4676
723.345	4610
723.863	4594
724.382	4679
724.9	4721
725.418	4806
725.936	4753
726.455	4814
726.973	4876
727.491	4913
728.009	4889
728.527	4995
729.045	4991
729.563	4925
730.081	5058
730.599	5057
731.117	4982
731.635	5061
732.153	5096
732.671	5133
733.189	5148
733.707	5212
734.225	5117
734.743	5138
735.261	5149
735.779	5140
736.297	5268
736.814	5237
737.332	5261
737.85	5228
738.368	5276
738.885	5238
739.403	5201
739.921	5192
740.439	5189
740.956	5193
741.474	5264
741.991	5172
742.509	5089
743.027	5144
743.544	5096
744.062	5073
744.579	5009
745.097	5005
745.614	4941
746.131	4811
746.649	4849
747.166	4766
747.684	4682
748.201	4655
748.718	4698
749.236	4661
749.753	4570
750.27	4527
750.788	4479
751.305	4601
751.822	4580
752.339	4549
752.856	4478
753.374	4429
753.891	4426
754.408	4442
754.925	4393
755.442	4338
755.959	4228
756.476	4288
756.993	4200
757.51	4103
758.027	4149
758.544	4133
759.061	4052
759.578	4034
760.095	3952
760.612	4010
761.128	3958
761.645	3939
762.162	3998
762.679	3930
763.196	3830
763.712	3845
764.229	3860
764.746	3815
765.263	3872
765.779	3782
766.296	3765
766.812	3716
767.329	3752
767.846	3769
768.362	3670
768.879	3710
769.395	3665
769.912	3670
770.428	3647
770.945	3628
771.461	3531
771.978	3561
772.494	3588
773.01	3529
773.527	3510
774.043	3520
774.559	3508
775.076	3419
775.592	3404
776.108	3446
776.624	3456
777.141	3483
777.657	3473
778.173	3400
778.689	3378
779.205	3400
779.721	3405
780.237	3345
780.753	3295
781.27	3337
781.786	3384
782.302	3302
782.818	3321
783.333	3314
783.849	3298
784.365	3267
784.881	3271
785.397	3307
785.913	3297
786.429	3296
786.945	3231
787.46	3267
787.976	3243
788.492	3253
789.008	3198
789.523	3216
790.039	3214
790.555	3245
791.07	3188
791.586	3151
792.102	3162
792.617	3147
793.133	3170
793.648	3174
794.164	3187
794.679	3086
795.195	3070
795.71	3151
796.226	3080
796.741	3132
797.256	3054
797.772	3079
798.287	3143
798.802	3028
799.318	3081
799.833	3042
800.348	3091
800.864	3138
801.379	3131
801.894	3130
802.409	3056
802.924	3191
803.44	3094
803.955	3137
804.47	3037
804.985	3141
805.5	3134
806.015	3160
806.53	3089
807.045	3090
807.56	3094
808.075	3051
808.59	3029
809.105	3041
809.619	3004
810.134	3015
810.649	3023
811.164	3023
811.679	2977
812.194	2957
812.708	2982
813.223	3042
813.738	2961
814.252	3016
814.767	2937
815.282	2973
815.796	2976
816.311	2966
816.826	2966
817.34	2923
817.855	2930
818.369	2949
818.884	2960
819.398	2890
819.913	2873
820.427	2811
820.941	2829
821.456	2780
821.97	2845
822.484	2802
822.999	2778
823.513	2748
824.027	2692
824.542	2693
825.056	2721
825.57	2628
826.084	2656
826.598	2657
827.113	2633
827.627	2588
828.141	2557
828.655	2568
829.169	2604
829.683	2555
830.197	2497
830.711	2554
831.225	2486
831.739	2471
832.253	2475
832.767	2455
833.281	2469
833.795	2418
834.308	2437
834.822	2425
835.336	2364
835.85	2372
836.364	2430
836.877	2372
837.391	2364
837.905	2358
838.418	2356
838.932	2355
839.446	2326
839.959	2351
840.473	2297
840.986	2309
841.5	2329
842.013	2270
842.527	2280
843.04	2266
843.554	2304
844.067	2323
844.581	2306
845.094	2306
845.607	2312
846.121	2290
846.634	2246
847.147	2260
847.661	2238
848.174	2198
848.687	2231
849.2	2205
849.714	2205
850.227	2133
850.74	2183
851.253	2151
851.766	2124
852.279	2193
852.792	2151
853.305	2195
853.818	2219
854.331	2170
854.844	2183
855.357	2169
855.87	2197
856.383	2190
856.896	2138
857.409	2187
857.921	2160
858.434	2170
858.947	2135
859.46	2128
859.973	2121
860.485	2102
860.998	2116
861.511	2196
862.023	2176
862.536	2189
863.049	2142
863.561	2102
864.074	2137
864.586	2143
865.099	2128
865.611	2127
866.124	2096
866.636	2087
867.149	2067
867.661	2037
868.173	2038
868.686	2096
869.198	2085
869.71	2073
870.223	2121
870.735	2136
871.247	2086
871.759	2149
872.272	2097
872.784	2146
873.296	2110
873.808	2140
874.32	2125
874.832	2179
875.344	2130
875.856	2142
876.368	2084
876.88	2125
877.392	2089
877.904	2088
878.416	2067
878.928	2045
879.44	2116
879.952	2057
880.464	2124
880.976	2096
881.487	2100
881.999	2132
882.511	2098
883.023	2121
883.534	2124
884.046	2109
884.558	2084
885.069	2110
885.581	2149
886.093	2126
886.604	2089
887.116	2101
887.627	2088
888.139	2060
888.65	2084
889.162	2072
889.673	2056
890.185	2093
890.696	2127
891.207	2106
891.719	2145
892.23	2163
892.741	2137
893.253	2117
893.764	2153
894.275	2170
894.786	2105
895.297	2196
895.809	2121
896.32	2155
896.831	2147
897.342	2168
897.853	2134
898.364	2153
898.875	2156
899.386	2171
899.897	2170
900.408	2175
900.919	2134
901.43	2161
901.941	2152
902.451	2117
902.962	2114
903.473	2132
903.984	2124
904.495	2113
905.005	2105
905.516	2136
906.027	2094
906.538	2082
907.048	2027
907.559	2005
908.069	1969
908.58	1835
909.091	1732
909.601	1571
910.112	1373
910.622	1316
911.133	1213
911.643	1141
912.154	1126
912.664	1095
913.174	1071
913.685	1071
914.195	1044
914.705	1043
915.216	1047
915.726	1038
916.236	1040
916.746	1044
917.256	1033
917.767	1034
918.277	1032
918.787	1035
919.297	1028
919.807	1034
920.317	1034
920.827	1036
921.337	1034
921.847	1033
922.357	1033
922.867	1034
923.377	1027
923.887	1036
924.397	1035
924.906	1025
925.416	1024
925.926	1033
926.436	1045
926.946	1032
927.455	1035
927.965	1035
928.475	1041
928.984	1033
929.494	1037
930.004	1034
930.513	1032
931.023	1031
931.532	1039
932.042	1034
932.551	1038
933.061	1031
933.57	1027
934.08	1027
934.589	1033
935.098	1032
935.608	1033
936.117	1032
936.626	1041
937.136	1029
937.645	1036
938.154	1036
938.663	1035
939.173	1029
939.682	1030
940.191	1026
940.7	1034
941.209	1035
941.718	1028
942.227	1026
942.736	1030
943.245	1033
943.754	1031
944.263	1027
944.772	1032
945.281	1034
945.79	1037
946.299	1032
946.807	1036
947.316	1030
947.825	1034
948.334	1033
948.843	1036
949.351	1042
949.86	1039
950.369	1040
950.877	1046
951.386	1042
951.894	1049
952.403	1068
952.911	1066
953.42	1053
953.929	1057
954.437	1060
954.945	1062
955.454	1051
955.962	1059
956.471	1050
956.979	1046
957.487	1048
957.996	1043
958.504	1046
959.012	1050
959.52	1043
960.029	1036
960.537	1049
961.045	1044
961.553	1051
962.061	1050
962.569	1044
963.077	1046
963.585	1051
