432.895	1021
433.423	1024
433.95	1022
434.478	1023
435.006	1019
435.534	1023
436.062	1022
436.589	1025
437.117	1026
437.645	1032
438.172	1021
438.7	1022
439.228	1018
439.756	1026
440.283	1029
440.811	1025
441.338	1026
441.866	1028
442.394	1031
442.921	1030
443.449	1022
443.976	1034
444.504	1028
445.031	1023
445.559	1022
446.086	1026
446.614	1030
447.141	1019
447.669	1023
448.196	1026
448.724	1026
449.251	1025
449.778	1025
450.306	1026
450.833	1024
451.361	1025
451.888	1023
452.415	1030
452.943	1026
453.47	1030
453.997	1024
454.524	1033
455.052	1023
455.579	1023
456.106	1030
456.633	1026
457.16	1022
457.688	1028
458.215	1024
458.742	1025
459.269	1020
459.796	1029
460.323	1025
460.85	1034
461.377	1022
461.904	1021
462.431	1026
462.958	1025
463.485	1028
464.012	1027
464.539	1025
465.066	1026
465.593	1030
466.12	1023
466.647	1020
467.174	1036
467.701	1027
468.228	1028
468.755	1022
469.282	1021
469.808	1029
470.335	1028
470.862	1034
471.389	1032
471.915	1025
472.442	1028
472.969	1032
473.496	1035
474.022	1031
474.549	1030
475.076	1037
475.602	1035
476.129	1030
476.656	1032
477.182	1031
477.709	1035
478.235	1036
478.762	1025
479.289	1034
479.815	1035
480.342	1033
480.868	1031
481.395	1027
481.921	1028
482.448	1036
482.974	1029
483.5	1027
484.027	1030
484.553	1041
485.08	1041
485.606	1038
486.132	1037
486.659	1039
487.185	1035
487.711	1040
488.238	1033
488.764	1039
489.29	1029
489.816	1037
490.343	1034
490.869	1039
491.395	1043
491.921	1036
492.447	1043
492.973	1033
493.5	1054
494.026	1048
494.552	1034
495.078	1053
495.604	1043
496.13	1043
496.656	1057
497.182	1058
497.708	1077
498.234	1093
498.76	1137
499.286	1219
499.812	1405
500.338	1755
500.864	2330
501.39	2901
501.916	3160
502.441	3297
502.967	3389
503.493	3551
504.019	3659
504.545	3694
505.071	3812
505.596	3935
506.122	3978
506.648	4073
507.174	4235
507.699	4233
508.225	4409
508.751	4565
509.276	4618
509.802	4776
510.328	4879
510.853	5092
511.379	5113
511.904	5320
512.43	5402
512.955	5582
513.481	5784
514.006	5948
514.532	6093
515.057	6247
515.583	6461
516.108	6656
516.634	6842
517.159	6990
517.685	7238
518.21	7365
518.735	7540
519.261	7687
519.786	7910
520.311	8132
520.837	8321
521.362	8523
521.887	8771
522.413	9036
522.938	9155
523.463	9354
523.988	9654
524.513	9908
525.039	10061
525.564	10279
526.089	10658
526.614	11017
527.139	11285
527.664	11682
528.189	12190
528.714	12265
529.24	12481
529.765	12605
530.29	12618
530.815	12630
531.34	12760
531.865	12677
532.389	12807
532.914	13134
533.439	13463
533.964	13840
534.489	14353
535.014	15163
535.539	16070
536.064	16923
536.588	17812
537.113	18522
537.638	19229
538.163	19634
538.688	20069
539.212	20517
539.737	20832
540.262	21341
540.786	21934
541.311	22568
541.836	23261
542.36	23960
542.885	24946
543.41	25886
543.934	26788
544.459	27549
544.983	28131
545.508	29101
546.032	29678
546.557	30274
547.081	31063
547.606	31517
548.13	32020
548.655	32807
549.179	33876
549.704	34578
550.228	35253
550.752	36227
551.277	36662
551.801	37750
552.325	38384
552.85	38923
553.374	39764
553.898	40312
554.423	40910
554.947	41910
555.471	42575
555.995	43666
556.519	44430
557.044	45498
557.568	46370
558.092	47474
558.616	48424
559.14	49287
559.664	50229
560.188	51143
560.712	51735
561.236	52517
561.76	53622
562.284	54425
562.808	55881
563.332	56573
563.856	57800
564.38	58728
564.904	59686
565.428	60512
565.952	60759
566.476	60879
567	60945
567.523	61111
568.047	61111
568.571	61234
569.095	61266
569.619	61252
570.142	61385
570.666	61326
571.19	61309
571.714	61366
572.237	61399
572.761	61430
573.285	61470
573.808	61407
574.332	61408
574.855	61413
575.379	61408
575.903	61365
576.426	61411
576.95	61462
577.473	61400
577.997	61474
578.52	61446
579.044	61476
579.567	61483
580.09	61479
580.614	61402
581.137	61427
581.661	61439
582.184	61528
582.707	61423
583.231	61441
583.754	61453
584.277	61523
584.8	61436
585.324	61514
585.847	61526
586.37	61483
586.893	61459
587.417	61534
587.94	61531
588.463	61478
588.986	61526
589.509	61553
590.032	61512
590.555	61507
591.078	61588
591.601	61572
592.124	61598
592.647	61568
593.17	61534
593.693	61569
594.216	61592
594.739	61487
595.262	61586
595.785	61620
596.308	61622
596.831	61578
597.354	61593
597.877	61624
598.399	61664
598.922	61627
599.445	61565
599.968	61640
600.49	61612
601.013	61600
601.536	61591
602.059	61594
602.581	61694
603.104	61658
603.627	61656
604.149	61630
604.672	61600
605.194	61622
605.717	61644
606.24	61664
606.762	61708
607.285	61673
607.807	61662
608.33	61718
608.852	61644
609.374	61723
609.897	61700
610.419	61787
610.942	61683
611.464	61787
611.986	61654
612.509	61705
613.031	61683
613.553	61719
614.076	61671
614.598	61747
615.12	61746
615.642	61746
616.165	61719
616.687	61731
617.209	61777
617.731	61743
618.253	61766
618.775	61777
619.297	61738
619.82	61797
620.342	61740
620.864	61787
621.386	61779
621.908	61777
622.43	61769
622.952	61826
623.474	61790
623.996	61786
624.518	61750
625.039	61829
625.561	61839
626.083	61784
626.605	61874
627.127	61744
627.649	61805
628.171	61802
628.692	61900
629.214	61844
629.736	61880
630.258	61787
630.779	61851
631.301	61852
631.823	61859
632.344	61872
632.866	61850
633.388	61844
633.909	61858
634.431	61850
634.952	61868
635.474	61795
635.995	61826
636.517	61871
637.038	61915
637.56	61841
638.081	61863
638.603	61918
639.124	61875
639.646	61866
640.167	61899
640.688	61872
641.21	61889
641.731	61905
642.252	61897
642.773	62000
643.295	61909
643.816	61895
644.337	61935
644.859	61940
645.38	61908
645.901	61920
646.422	61938
646.943	61894
647.464	61888
647.985	61901
648.506	61975
649.028	61883
649.549	61901
650.07	61965
650.591	61936
651.112	61906
651.633	61945
652.154	61977
652.674	61946
653.195	61933
653.716	61952
654.237	61931
654.758	61924
655.279	61916
655.8	61950
656.321	61993
656.841	61959
657.362	61962
657.883	61891
658.404	61956
658.924	61939
659.445	61948
659.966	61959
660.486	61940
661.007	61945
661.528	61940
662.048	61951
662.569	62009
663.089	61945
663.61	61997
664.13	61974
664.651	61974
665.171	61957
665.692	61970
666.212	62006
666.733	61978
667.253	61967
667.774	61988
668.294	62034
668.814	61945
669.335	61963
669.855	61954
670.375	61950
670.896	62010
671.416	61982
671.936	61978
672.456	62021
672.977	61974
673.497	62058
674.017	62011
674.537	62024
675.057	62010
675.577	61944
676.097	62058
676.617	62020
677.137	62046
677.657	62012
678.177	62023
678.698	61979
679.217	62016
679.737	62016
680.257	62073
680.777	62027
681.297	62011
681.817	62013
682.337	62017
682.857	62035
683.377	62000
683.896	61992
684.416	62016
684.936	62002
685.456	62092
685.975	62032
686.495	62037
687.015	62036
687.535	62036
688.054	62062
688.574	62051
689.093	62026
689.613	62056
690.133	62079
690.652	62020
691.172	62056
691.691	62083
692.211	61981
692.73	62080
693.25	62083
693.769	62117
694.289	62029
694.808	62059
695.327	62057
695.847	62060
696.366	62082
696.885	62096
697.405	62052
697.924	62067
698.443	62064
698.962	62046
699.482	62096
700.001	62051
700.52	62056
701.039	62024
701.558	62091
702.078	62109
702.597	62046
703.116	62051
703.635	62105
704.154	62094
704.673	62120
705.192	62070
705.711	62080
706.23	62056
706.749	62076
707.268	62139
707.787	62111
708.306	62094
708.824	62070
709.343	62058
709.862	62057
710.381	62120
710.9	62108
711.419	62086
711.937	62083
712.456	62101
712.975	62085
713.493	62093
714.012	62084
714.531	62142
715.049	62107
715.568	62062
716.087	62070
716.605	62091
717.124	62127
717.642	62049
718.161	62071
718.679	62136
719.198	62152
719.716	62101
720.235	62134
720.753	62144
721.272	62085
721.79	62105
722.308	62121
722.827	62071
723.345	62132
723.863	62131
724.382	62086
724.9	62069
725.418	62132
725.936	62108
726.455	62070
726.973	62124
727.491	62128
728.009	62164
728.527	62130
729.045	62135
729.563	62067
730.081	62105
730.599	62114
731.117	62146
731.635	62090
732.153	62125
732.671	62159
733.189	62158
733.707	62180
734.225	62122
734.743	62052
735.261	62112
735.779	62122
736.297	62128
736.814	62179
737.332	62076
737.85	62092
738.368	62141
738.885	62144
739.403	62146
739.921	62133
740.439	62106
740.956	62192
741.474	62152
741.991	62108
742.509	62115
743.027	62072
743.544	62144
744.062	62138
744.579	62139
745.097	62108
745.614	62149
746.131	62099
746.649	62175
747.166	62141
747.684	62148
748.201	62186
748.718	62116
749.236	62175
749.753	62149
750.27	62147
750.788	62079
751.305	62111
751.822	62167
752.339	62115
752.856	62214
753.374	62183
753.891	62138
754.408	62173
754.925	62179
755.442	62171
755.959	62175
756.476	62161
756.993	62117
757.51	62121
758.027	62192
758.544	62150
759.061	62158
759.578	62134
760.095	62131
760.612	62122
761.128	62187
761.645	62167
762.162	62115
762.679	62220
763.196	62186
763.712	62176
764.229	62173
764.746	62150
765.263	62162
765.779	62180
766.296	62115
766.812	62190
767.329	62200
767.846	62160
768.362	62132
768.879	62138
769.395	62256
769.912	62167
770.428	62178
770.945	62109
771.461	62208
771.978	62207
772.494	62219
773.01	62164
773.527	62178
774.043	62186
774.559	62166
775.076	62223
775.592	62229
776.108	62196
776.624	62227
777.141	62187
777.657	62219
778.173	62215
778.689	62206
779.205	62199
779.721	62174
780.237	62156
780.753	62190
781.27	62122
781.786	62136
782.302	62171
782.818	62173
783.333	62200
783.849	62212
784.365	62194
784.881	62178
785.397	62180
785.913	62177
786.429	62177
786.945	62173
787.46	62160
787.976	62190
788.492	62200
789.008	62142
789.523	62170
790.039	62174
790.555	62159
791.07	62186
791.586	62176
792.102	62139
792.617	62149
793.133	62227
793.648	62151
794.164	62225
794.679	62209
795.195	62122
795.71	62132
796.226	62063
796.741	62187
797.256	62118
797.772	62058
798.287	62082
798.802	62181
799.318	62129
799.833	62147
800.348	62037
800.864	62090
801.379	62082
801.894	62089
802.409	62131
802.924	62109
803.44	61983
803.955	62033
804.47	62058
804.985	62049
805.5	61949
806.015	61929
806.53	62039
807.045	61892
807.56	61867
808.075	61882
808.59	61829
809.105	61696
809.619	61673
810.134	61554
810.649	61470
811.164	61448
811.679	61193
812.194	60827
812.708	60217
813.223	60002
813.738	59714
814.252	59911
814.767	59522
815.282	59481
815.796	59285
816.311	59278
816.826	58877
817.34	59006
817.855	58754
818.369	58867
818.884	59178
819.398	58697
819.913	58681
820.427	58560
820.941	58655
821.456	58559
821.97	58358
822.484	58373
822.999	57963
823.513	57776
824.027	57441
824.542	57048
825.056	57026
825.57	56775
826.084	56478
826.598	56492
827.113	56264
827.627	56311
828.141	56167
828.655	56131
829.169	55765
829.683	55979
830.197	56131
830.711	55963
831.225	56094
831.739	56013
832.253	56020
832.767	55881
833.281	55491
833.795	55819
834.308	55835
834.822	55245
835.336	55240
835.85	55245
836.364	54862
836.877	54763
837.391	54482
837.905	54315
838.418	54277
838.932	53839
839.446	53631
839.959	53586
840.473	53498
840.986	53613
841.5	53076
842.013	53292
842.527	53175
843.04	53243
843.554	53093
844.067	52820
844.581	52756
845.094	53038
845.607	52975
846.121	52867
846.634	52729
847.147	53009
847.661	53276
848.174	53112
848.687	52980
849.2	52884
849.714	52364
850.227	52493
850.74	52341
851.253	51868
851.766	51939
852.279	52039
852.792	51782
853.305	51489
853.818	51344
854.331	51357
854.844	51514
855.357	51290
855.87	51402
856.383	51416
856.896	51205
857.409	51406
857.921	51434
858.434	51522
858.947	51619
859.46	51643
859.973	51807
860.485	51605
860.998	51239
861.511	51523
862.023	51405
862.536	51056
863.049	50822
863.561	50959
864.074	50837
864.586	50636
865.099	50907
865.611	50616
866.124	51073
866.636	50656
867.149	50979
867.661	50414
868.173	50351
868.686	50393
869.198	50643
869.71	50265
870.223	50255
870.735	50219
871.247	50157
871.759	50051
872.272	50040
872.784	50050
873.296	49928
873.808	49407
874.32	49085
874.832	49076
875.344	48837
875.856	48650
876.368	48685
876.88	48743
877.392	48686
877.904	48906
878.416	48758
878.928	48515
879.44	48015
879.952	47909
880.464	48142
880.976	47776
881.487	47551
881.999	47075
882.511	46911
883.023	46602
883.534	46217
884.046	45958
884.558	45550
885.069	45070
885.581	44702
886.093	45213
886.604	45181
887.116	45481
887.627	45412
888.139	45411
888.65	45510
889.162	45343
889.673	45197
890.185	45426
890.696	45196
891.207	45194
891.719	44973
892.23	44783
892.741	44628
893.253	44392
893.764	44263
894.275	43905
894.786	43935
895.297	43689
895.809	43439
896.32	43662
896.831	43505
897.342	43273
897.853	43461
898.364	43167
898.875	43229
899.386	43194
899.897	43177
900.408	42883
900.919	42948
901.43	42991
901.941	42752
902.451	42373
902.962	42369
903.473	41951
903.984	41821
904.495	41545
905.005	41320
905.516	41205
906.027	40699
906.538	40342
907.048	39527
907.559	38924
908.069	37762
908.58	35461
909.091	32119
909.601	27362
910.112	21537
910.622	15619
911.133	10530
911.643	6917
912.154	4603
912.664	3271
913.174	2509
913.685	2104
914.195	1898
914.705	1764
915.216	1679
915.726	1623
916.236	1585
916.746	1556
917.256	1507
917.767	1496
918.277	1460
918.787	1487
919.297	1462
919.807	1455
920.317	1450
920.827	1450
921.337	1442
921.847	1435
922.357	1418
922.867	1436
923.377	1418
923.887	1407
924.397	1418
924.906	1416
925.416	1421
925.926	1423
926.436	1416
926.946	1405
927.455	1399
927.965	1411
928.475	1395
928.984	1399
929.494	1408
930.004	1390
930.513	1406
931.023	1395
931.532	1407
932.042	1389
932.551	1374
933.061	1381
933.57	1378
934.08	1369
934.589	1376
935.098	1376
935.608	1361
936.117	1365
936.626	1370
937.136	1360
937.645	1365
938.154	1351
938.663	1345
939.173	1349
939.682	1341
940.191	1338
940.7	1344
941.209	1328
941.718	1333
942.227	1325
942.736	1312
943.245	1331
943.754	1326
944.263	1306
944.772	1315
945.281	1322
945.79	1317
946.299	1311
946.807	1309
947.316	1299
947.825	1300
948.334	1304
948.843	1306
949.351	1302
949.86	1301
950.369	1299
950.877	1315
951.386	1309
951.894	1309
952.403	1306
952.911	1310
953.42	1304
953.929	1301
954.437	1289
954.945	1291
955.454	1290
955.962	1290
956.471	1292
956.979	1304
957.487	1288
957.996	1285
958.504	1292
959.012	1292
959.52	1285
960.029	1284
960.537	1289
961.045	1287
961.553	1279
962.061	1286
962.569	1293
963.077	1291
963.585	1284
