432.895	1002
433.423	1002
433.95	1001
434.478	1002
435.006	1003
435.534	1004
436.062	1003
436.589	1001
437.117	1001
437.645	1002
438.172	1002
438.7	999
439.228	998
439.756	1001
440.283	999
440.811	1001
441.338	1002
441.866	998
442.394	1001
442.921	1001
443.449	1000
443.976	1002
444.504	998
445.031	1000
445.559	1002
446.086	998
446.614	998
447.141	1001
447.669	998
448.196	1000
448.724	1000
449.251	1000
449.778	1000
450.306	999
450.833	1003
451.361	1002
451.888	999
452.415	1000
452.943	1000
453.47	1003
453.997	1001
454.524	997
455.052	1004
455.579	996
456.106	1002
456.633	999
457.16	1001
457.688	999
458.215	1001
458.742	997
459.269	1000
459.796	1000
460.323	996
460.85	997
461.377	1000
461.904	998
462.431	999
462.958	1003
463.485	1000
464.012	1000
464.539	1001
465.066	1000
465.593	1005
466.12	1001
466.647	999
467.174	1000
467.701	1001
468.228	1002
468.755	1002
469.282	1000
469.808	1000
470.335	998
470.862	1006
471.389	1003
471.915	1002
472.442	1001
472.969	998
473.496	1000
474.022	1002
474.549	1002
475.076	998
475.602	1001
476.129	1003
476.656	1000
477.182	997
477.709	1002
478.235	1002
478.762	1001
479.289	1001
479.815	1001
480.342	1003
480.868	1003
481.395	998
481.921	1006
482.448	1000
482.974	1001
483.5	1001
484.027	1004
484.553	999
485.08	1003
485.606	1003
486.132	1001
486.659	1002
487.185	1002
487.711	1000
488.238	1004
488.764	998
489.29	1003
489.816	1002
490.343	999
490.869	999
491.395	1003
491.921	999
492.447	999
492.973	1001
493.5	1001
494.026	1000
494.552	998
495.078	1004
495.604	1001
496.13	1001
496.656	999
497.182	1000
497.708	1002
498.234	1001
498.76	1001
499.286	1007
499.812	1002
500.338	1004
500.864	1007
501.39	1008
501.916	1013
502.441	1009
502.967	1009
503.493	1007
504.019	1014
504.545	1010
505.071	1012
505.596	1016
506.122	1012
506.648	1006
507.174	1010
507.699	1010
508.225	1013
508.751	1012
509.276	1013
509.802	1012
510.328	1011
510.853	1013
511.379	1018
511.904	1013
512.43	1018
512.955	1011
513.481	1018
514.006	1017
514.532	1015
515.057	1016
515.583	1020
516.108	1014
516.634	1020
517.159	1023
517.685	1013
518.21	1020
518.735	1021
519.261	1024
519.786	1022
520.311	1025
520.837	1025
521.362	1022
521.887	1035
522.413	1035
522.938	1030
523.463	1038
523.988	1033
524.513	1047
525.039	1042
525.564	1043
526.089	1040
526.614	1046
527.139	1044
527.664	1058
528.189	1051
528.714	1055
529.24	1059
529.765	1056
530.29	1055
530.815	1056
531.34	1067
531.865	1067
532.389	1068
532.914	1073
533.439	1077
533.964	1071
534.489	1086
535.014	1085
535.539	1080
536.064	1101
536.588	1084
537.113	1089
537.638	1093
538.163	1106
538.688	1114
539.212	1103
539.737	1083
540.262	1087
540.786	1109
541.311	1095
541.836	1109
542.36	1100
542.885	1096
543.41	1104
543.934	1104
544.459	1112
544.983	1096
545.508	1099
546.032	1105
546.557	1113
547.081	1108
547.606	1116
548.13	1118
548.655	1118
549.179	1116
549.704	1127
550.228	1128
550.752	1121
551.277	1124
551.801	1120
552.325	1130
552.85	1139
553.374	1133
553.898	1146
554.423	1138
554.947	1145
555.471	1140
555.995	1155
556.519	1186
557.044	1160
557.568	1178
558.092	1177
558.616	1169
559.14	1179
559.664	1196
560.188	1197
560.712	1209
561.236	1204
561.76	1215
562.284	1208
562.808	1247
563.332	1234
563.856	1265
564.38	1250
564.904	1272
565.428	1276
565.952	1286
566.476	1307
567	1307
567.523	1309
568.047	1325
568.571	1348
569.095	1340
569.619	1354
570.142	1377
570.666	1362
571.19	1386
571.714	1402
572.237	1392
572.761	1391
573.285	1415
573.808	1408
574.332	1412
574.855	1389
575.379	1397
575.903	1425
576.426	1442
576.95	1418
577.473	1429
577.997	1429
578.52	1433
579.044	1410
579.567	1430
580.09	1419
580.614	1392
581.137	1397
581.661	1400
582.184	1400
582.707	1383
583.231	1382
583.754	1353
584.277	1371
584.8	1348
585.324	1348
585.847	1340
586.37	1335
586.893	1349
587.417	1353
587.94	1324
588.463	1334
588.986	1349
589.509	1348
590.032	1365
590.555	1367
591.078	1367
591.601	1360
592.124	1358
592.647	1359
593.17	1383
593.693	1368
594.216	1368
594.739	1364
595.262	1377
595.785	1387
596.308	1357
596.831	1364
597.354	1393
597.877	1402
598.399	1388
598.922	1398
599.445	1406
599.968	1414
600.49	1393
601.013	1399
601.536	1425
602.059	1411
602.581	1445
603.104	1441
603.627	1443
604.149	1440
604.672	1441
605.194	1456
605.717	1470
606.24	1472
606.762	1486
607.285	1507
607.807	1502
608.33	1486
608.852	1543
609.374	1547
609.897	1529
610.419	1526
610.942	1595
611.464	1584
611.986	1587
612.509	1583
613.031	1651
613.553	1623
614.076	1641
614.598	1642
615.12	1676
615.642	1627
616.165	1684
616.687	1700
617.209	1685
617.731	1681
618.253	1703
618.775	1678
619.297	1678
619.82	1707
620.342	1704
620.864	1710
621.386	1699
621.908	1691
622.43	1711
622.952	1692
623.474	1671
623.996	1673
624.518	1644
625.039	1688
625.561	1647
626.083	1601
626.605	1638
627.127	1624
627.649	1620
628.171	1599
628.692	1605
629.214	1577
629.736	1585
630.258	1576
630.779	1536
631.301	1572
631.823	1546
632.344	1558
632.866	1560
633.388	1547
633.909	1496
634.431	1519
634.952	1487
635.474	1511
635.995	1501
636.517	1502
637.038	1517
637.56	1486
638.081	1530
638.603	1502
639.124	1526
639.646	1542
640.167	1486
640.688	1531
641.21	1493
641.731	1499
642.252	1508
642.773	1497
643.295	1500
643.816	1523
644.337	1517
644.859	1509
645.38	1538
645.901	1510
646.422	1488
646.943	1515
647.464	1533
647.985	1533
648.506	1558
649.028	1539
649.549	1561
650.07	1547
650.591	1558
651.112	1537
651.633	1562
652.154	1547
652.674	1581
653.195	1595
653.716	1610
654.237	1593
654.758	1611
655.279	1594
655.8	1606
656.321	1622
656.841	1634
657.362	1601
657.883	1651
658.404	1664
658.924	1698
659.445	1720
659.966	1710
660.486	1700
661.007	1713
661.528	1685
662.048	1736
662.569	1753
663.089	1750
663.61	1780
664.13	1792
664.651	1796
665.171	1777
665.692	1787
666.212	1821
666.733	1824
667.253	1848
667.774	1861
668.294	1881
668.814	1902
669.335	1907
669.855	1928
670.375	1911
670.896	1912
671.416	1895
671.936	1917
672.456	1937
672.977	1938
673.497	1957
674.017	1943
674.537	1949
675.057	1916
675.577	1899
676.097	1906
676.617	1905
677.137	1935
677.657	1987
678.177	1881
678.698	1924
679.217	1891
679.737	1913
680.257	1849
680.777	1852
681.297	1851
681.817	1852
682.337	1832
682.857	1802
683.377	1802
683.896	1781
684.416	1782
684.936	1798
685.456	1762
685.975	1787
686.495	1746
687.015	1755
687.535	1751
688.054	1692
688.574	1733
689.093	1700
689.613	1732
690.133	1725
690.652	1713
691.172	1727
691.691	1695
692.211	1690
692.73	1717
693.25	1696
693.769	1685
694.289	1705
694.808	1699
695.327	1719
695.847	1685
696.366	1636
696.885	1626
697.405	1682
697.924	1642
698.443	1671
698.962	1650
699.482	1651
700.001	1664
700.52	1656
701.039	1675
701.558	1648
702.078	1662
702.597	1673
703.116	1664
703.635	1667
704.154	1711
704.673	1699
705.192	1682
705.711	1702
706.23	1713
706.749	1708
707.268	1702
707.787	1707
708.306	1725
708.824	1762
709.343	1703
709.862	1725
710.381	1694
710.9	1691
711.419	1729
711.937	1737
712.456	1764
712.975	1760
713.493	1790
714.012	1772
714.531	1770
715.049	1796
715.568	1775
716.087	1799
716.605	1789
717.124	1813
717.642	1793
718.161	1825
718.679	1815
719.198	1851
719.716	1868
720.235	1863
720.753	1842
721.272	1868
721.79	1885
722.308	1871
722.827	1864
723.345	1899
723.863	1881
724.382	1907
724.9	1944
725.418	1938
725.936	1922
726.455	1995
726.973	1982
727.491	1979
728.009	2028
728.527	2047
729.045	2022
729.563	2019
730.081	2057
730.599	2113
731.117	2072
731.635	2085
732.153	2073
732.671	2112
733.189	2104
733.707	2183
734.225	2164
734.743	2155
735.261	2136
735.779	2164
736.297	2196
736.814	2197
737.332	2151
737.85	2182
738.368	2157
738.885	2151
739.403	2123
739.921	2192
740.439	2156
740.956	2163
741.474	2186
741.991	2126
742.509	2179
743.027	2148
743.544	2204
744.062	2176
744.579	2116
745.097	2104
745.614	2103
746.131	2112
746.649	2046
747.166	2051
747.684	2018
748.201	2043
748.718	2029
749.236	2037
749.753	2016
750.27	1963
750.788	1972
751.305	2028
751.822	1957
752.339	1974
752.856	1968
753.374	1916
753.891	1927
754.408	1917
754.925	1906
755.442	1897
755.959	1888
756.476	1877
756.993	1885
757.51	1849
758.027	1838
758.544	1831
759.061	1832
759.578	1803
760.095	1779
760.612	1822
761.128	1821
761.645	1823
762.162	1834
762.679	1829
763.196	1797
763.712	1792
764.229	1794
764.746	1806
765.263	1769
765.779	1787
766.296	1790
766.812	1773
767.329	1729
767.846	1788
768.362	1763
768.879	1720
769.395	1769
769.912	1752
770.428	1726
770.945	1731
771.461	1767
771.978	1738
772.494	1733
773.01	1716
773.527	1713
774.043	1745
774.559	1737
775.076	1761
775.592	1733
776.108	1709
776.624	1721
777.141	1740
777.657	1699
778.173	1747
778.689	1729
779.205	1729
779.721	1730
780.237	1730
780.753	1724
781.27	1708
781.786	1741
782.302	1717
782.818	1722
783.333	1706
783.849	1727
784.365	1730
784.881	1732
785.397	1707
785.913	1700
786.429	1729
786.945	1725
787.46	1681
787.976	1712
788.492	1701
789.008	1768
789.523	1738
790.039	1728
790.555	1707
791.07	1747
791.586	1703
792.102	1753
792.617	1730
793.133	1736
793.648	1759
794.164	1736
794.679	1706
795.195	1747
795.71	1771
796.226	1783
796.741	1788
797.256	1753
797.772	1757
798.287	1743
798.802	1772
799.318	1763
799.833	1792
800.348	1789
800.864	1820
801.379	1798
801.894	1805
802.409	1817
802.924	1822
803.44	1813
803.955	1840
804.47	1849
804.985	1836
805.5	1858
806.015	1858
806.53	1846
807.045	1850
807.56	1817
808.075	1855
808.59	1833
809.105	1793
809.619	1833
810.134	1838
810.649	1831
811.164	1848
811.679	1843
812.194	1844
812.708	1877
813.223	1850
813.738	1886
814.252	1840
814.767	1875
815.282	1848
815.796	1861
816.311	1860
816.826	1852
817.34	1835
817.855	1868
818.369	1837
818.884	1854
819.398	1828
819.913	1832
820.427	1861
820.941	1863
821.456	1835
821.97	1806
822.484	1878
822.999	1819
823.513	1820
824.027	1801
824.542	1787
825.056	1815
825.57	1747
826.084	1761
826.598	1736
827.113	1791
827.627	1752
828.141	1746
828.655	1754
829.169	1739
829.683	1702
830.197	1719
830.711	1699
831.225	1689
831.739	1706
832.253	1686
832.767	1706
833.281	1663
833.795	1695
834.308	1662
834.822	1685
835.336	1646
835.85	1689
836.364	1653
836.877	1640
837.391	1672
837.905	1629
838.418	1656
838.932	1650
839.446	1652
839.959	1631
840.473	1650
840.986	1619
841.5	1624
842.013	1629
842.527	1609
843.04	1628
843.554	1628
844.067	1569
844.581	1604
845.094	1611
845.607	1595
846.121	1635
846.634	1615
847.147	1623
847.661	1605
848.174	1584
848.687	1610
849.2	1594
849.714	1575
850.227	1588
850.74	1598
851.253	1575
851.766	1601
852.279	1576
852.792	1589
853.305	1571
853.818	1583
854.331	1591
854.844	1632
855.357	1604
855.87	1606
856.383	1587
856.896	1595
857.409	1614
857.921	1620
858.434	1620
858.947	1613
859.46	1605
859.973	1623
860.485	1651
860.998	1616
861.511	1641
862.023	1637
862.536	1600
863.049	1641
863.561	1607
864.074	1622
864.586	1596
865.099	1602
865.611	1605
866.124	1608
866.636	1606
867.149	1579
867.661	1625
868.173	1623
868.686	1650
869.198	1623
869.71	1672
870.223	1630
870.735	1657
871.247	1674
871.759	1672
872.272	1666
872.784	1621
873.296	1678
873.808	1651
874.32	1692
874.832	1688
875.344	1669
875.856	1673
876.368	1662
876.88	1698
877.392	1688
877.904	1651
878.416	1667
878.928	1696
879.44	1694
879.952	1671
880.464	1713
880.976	1698
881.487	1710
881.999	1728
882.511	1706
883.023	1699
883.534	1728
884.046	1690
884.558	1711
885.069	1750
885.581	1773
886.093	1707
886.604	1719
887.116	1744
887.627	1718
888.139	1713
888.65	1718
889.162	1735
889.673	1726
890.185	1738
890.696	1758
891.207	1753
891.719	1740
892.23	1760
892.741	1769
893.253	1796
893.764	1830
894.275	1788
894.786	1825
895.297	1792
895.809	1783
896.32	1845
896.831	1804
897.342	1823
897.853	1803
898.364	1811
898.875	1846
899.386	1829
899.897	1845
900.408	1846
900.919	1834
901.43	1828
901.941	1839
902.451	1850
902.962	1857
903.473	1860
903.984	1840
904.495	1829
905.005	1835
905.516	1825
906.027	1825
906.538	1824
907.048	1821
907.559	1776
908.069	1752
908.58	1645
909.091	1534
909.601	1414
910.112	1296
910.622	1221
911.133	1132
911.643	1084
912.154	1060
912.664	1049
913.174	1034
913.685	1031
914.195	1023
914.705	1028
915.216	1017
915.726	1017
916.236	1013
916.746	1015
917.256	1015
917.767	1011
918.277	1013
918.787	1012
919.297	1012
919.807	1010
920.317	1010
920.827	1013
921.337	1010
921.847	1010
922.357	1006
922.867	1012
923.377	1012
923.887	1009
924.397	1009
924.906	1007
925.416	1008
925.926	1010
926.436	1009
926.946	1013
927.455	1004
927.965	1009
928.475	1007
928.984	1011
929.494	1007
930.004	1009
930.513	1007
931.023	1015
931.532	1008
932.042	1010
932.551	1015
933.061	1012
933.57	1013
934.08	1016
934.589	1012
935.098	1014
935.608	1013
936.117	1015
936.626	1016
937.136	1017
937.645	1018
938.154	1008
938.663	1012
939.173	1015
939.682	1019
940.191	1015
940.7	1014
941.209	1014
941.718	1013
942.227	1013
942.736	1010
943.245	1017
943.754	1017
944.263	1016
944.772	1013
945.281	1013
945.79	1019
946.299	1016
946.807	1012
947.316	1015
947.825	1020
948.334	1011
948.843	1017
949.351	1018
949.86	1019
950.369	1017
950.877	1024
951.386	1026
951.894	1027
952.403	1033
952.911	1035
953.42	1041
953.929	1039
954.437	1026
954.945	1034
955.454	1021
955.962	1027
956.471	1023
956.979	1024
957.487	1026
957.996	1019
958.504	1022
959.012	1025
959.52	1023
960.029	1016
960.537	1022
961.045	1022
961.553	1026
962.061	1021
962.569	1021
963.077	1027
963.585	1033
