432.895	998
433.423	998
433.95	997
434.478	995
435.006	998
435.534	998
436.062	1001
436.589	1000
437.117	1001
437.645	998
438.172	997
438.7	999
439.228	998
439.756	999
440.283	998
440.811	998
441.338	998
441.866	998
442.394	997
442.921	1000
443.449	994
443.976	997
444.504	1000
445.031	999
445.559	997
446.086	998
446.614	998
447.141	998
447.669	998
448.196	999
448.724	998
449.251	999
449.778	1000
450.306	998
450.833	999
451.361	998
451.888	999
452.415	998
452.943	998
453.47	999
453.997	998
454.524	997
455.052	999
455.579	998
456.106	998
456.633	997
457.16	997
457.688	997
458.215	997
458.742	997
459.269	998
459.796	998
460.323	998
460.85	999
461.377	997
461.904	1001
462.431	997
462.958	998
463.485	998
464.012	999
464.539	996
465.066	999
465.593	998
466.12	998
466.647	998
467.174	999
467.701	997
468.228	1001
468.755	999
469.282	999
469.808	995
470.335	998
470.862	998
471.389	997
471.915	1000
472.442	1002
472.969	1000
473.496	1000
474.022	1001
474.549	1000
475.076	1000
475.602	999
476.129	997
476.656	998
477.182	997
477.709	997
478.235	996
478.762	1000
479.289	997
479.815	997
480.342	997
480.868	1000
481.395	999
481.921	997
482.448	1003
482.974	1000
483.5	998
484.027	997
484.553	999
485.08	1000
485.606	999
486.132	1002
486.659	1000
487.185	999
487.711	1000
488.238	997
488.764	1003
489.29	997
489.816	1000
490.343	998
490.869	997
491.395	1000
491.921	997
492.447	1000
492.973	1001
493.5	1000
494.026	997
494.552	999
495.078	997
495.604	998
496.13	1002
496.656	997
497.182	998
497.708	997
498.234	1001
498.76	999
499.286	999
499.812	1000
500.338	1001
500.864	1000
501.39	1001
501.916	1000
502.441	1000
502.967	1004
503.493	1000
504.019	1002
504.545	1004
505.071	1001
505.596	1000
506.122	1002
506.648	1002
507.174	1003
507.699	1003
508.225	1005
508.751	998
509.276	1004
509.802	1001
510.328	1006
510.853	1005
511.379	1005
511.904	1008
512.43	1004
512.955	1005
513.481	1003
514.006	1002
514.532	1005
515.057	1004
515.583	1006
516.108	1002
516.634	1005
517.159	1004
517.685	1006
518.21	1003
518.735	1004
519.261	1002
519.786	1005
520.311	1002
520.837	1003
521.362	1006
521.887	1005
522.413	1006
522.938	1006
523.463	1004
523.988	1004
524.513	1005
525.039	1007
525.564	1009
526.089	1011
526.614	1005
527.139	1012
527.664	1003
528.189	1008
528.714	1009
529.24	1006
529.765	1006
530.29	1010
530.815	1013
531.34	1011
531.865	1008
532.389	1012
532.914	1009
533.439	1009
533.964	1008
534.489	1012
535.014	1013
535.539	1012
536.064	1013
536.588	1025
537.113	1018
537.638	1018
538.163	1021
538.688	1016
539.212	1020
539.737	1019
540.262	1014
540.786	1025
541.311	1021
541.836	1020
542.36	1018
542.885	1024
543.41	1023
543.934	1016
544.459	1022
544.983	1024
545.508	1030
546.032	1023
546.557	1025
547.081	1026
547.606	1024
548.13	1027
548.655	1034
549.179	1029
549.704	1032
550.228	1020
550.752	1036
551.277	1041
551.801	1031
552.325	1037
552.85	1032
553.374	1038
553.898	1029
554.423	1035
554.947	1046
555.471	1038
555.995	1046
556.519	1041
557.044	1045
557.568	1045
558.092	1042
558.616	1054
559.14	1051
559.664	1048
560.188	1053
560.712	1053
561.236	1049
561.76	1056
562.284	1054
562.808	1067
563.332	1058
563.856	1061
564.38	1071
564.904	1057
565.428	1065
565.952	1069
566.476	1078
567	1065
567.523	1064
568.047	1070
568.571	1075
569.095	1081
569.619	1079
570.142	1093
570.666	1085
571.19	1078
571.714	1093
572.237	1105
572.761	1077
573.285	1095
573.808	1096
574.332	1092
574.855	1110
575.379	1109
575.903	1093
576.426	1099
576.95	1109
577.473	1111
577.997	1114
578.52	1108
579.044	1114
579.567	1116
580.09	1115
580.614	1119
581.137	1129
581.661	1127
582.184	1133
582.707	1121
583.231	1134
583.754	1133
584.277	1139
584.8	1127
585.324	1123
585.847	1155
586.37	1132
586.893	1155
587.417	1152
587.94	1155
588.463	1145
588.986	1153
589.509	1160
590.032	1154
590.555	1167
591.078	1164
591.601	1163
592.124	1143
592.647	1160
593.17	1152
593.693	1168
594.216	1177
594.739	1169
595.262	1169
595.785	1173
596.308	1181
596.831	1169
597.354	1184
597.877	1192
598.399	1201
598.922	1181
599.445	1190
599.968	1188
600.49	1186
601.013	1188
601.536	1182
602.059	1194
602.581	1185
603.104	1187
603.627	1201
604.149	1195
604.672	1186
605.194	1198
605.717	1201
606.24	1187
606.762	1200
607.285	1191
607.807	1198
608.33	1196
608.852	1203
609.374	1185
609.897	1191
610.419	1217
610.942	1210
611.464	1213
611.986	1222
612.509	1209
613.031	1200
613.553	1210
614.076	1200
614.598	1217
615.12	1216
615.642	1196
616.165	1223
616.687	1217
617.209	1219
617.731	1216
618.253	1223
618.775	1219
619.297	1212
619.82	1221
620.342	1217
620.864	1229
621.386	1229
621.908	1210
622.43	1235
622.952	1227
623.474	1217
623.996	1222
624.518	1235
625.039	1228
625.561	1244
626.083	1227
626.605	1219
627.127	1237
627.649	1238
628.171	1233
628.692	1244
629.214	1239
629.736	1241
630.258	1220
630.779	1238
631.301	1227
631.823	1238
632.344	1234
632.866	1229
633.388	1239
633.909	1248
634.431	1235
634.952	1242
635.474	1238
635.995	1235
636.517	1228
637.038	1225
637.56	1254
638.081	1239
638.603	1230
639.124	1243
639.646	1244
640.167	1256
640.688	1245
641.21	1232
641.731	1280
642.252	1264
642.773	1250
643.295	1249
643.816	1242
644.337	1267
644.859	1244
645.38	1250
645.901	1268
646.422	1253
646.943	1261
647.464	1249
647.985	1251
648.506	1277
649.028	1272
649.549	1247
650.07	1244
650.591	1249
651.112	1274
651.633	1252
652.154	1264
652.674	1251
653.195	1265
653.716	1268
654.237	1271
654.758	1261
655.279	1273
655.8	1262
656.321	1257
656.841	1251
657.362	1269
657.883	1270
658.404	1269
658.924	1282
659.445	1261
659.966	1269
660.486	1270
661.007	1277
661.528	1273
662.048	1296
662.569	1269
663.089	1276
663.61	1283
664.13	1300
664.651	1282
665.171	1299
665.692	1284
666.212	1268
666.733	1258
667.253	1269
667.774	1261
668.294	1260
668.814	1289
669.335	1271
669.855	1271
670.375	1277
670.896	1279
671.416	1273
671.936	1268
672.456	1285
672.977	1272
673.497	1274
674.017	1292
674.537	1275
675.057	1296
675.577	1267
676.097	1294
676.617	1273
677.137	1295
677.657	1283
678.177	1277
678.698	1283
679.217	1300
679.737	1289
680.257	1275
680.777	1269
681.297	1291
681.817	1312
682.337	1278
682.857	1286
683.377	1288
683.896	1316
684.416	1261
684.936	1297
685.456	1288
685.975	1292
686.495	1301
687.015	1286
687.535	1296
688.054	1305
688.574	1302
689.093	1301
689.613	1290
690.133	1325
690.652	1309
691.172	1304
691.691	1311
692.211	1320
692.73	1297
693.25	1324
693.769	1301
694.289	1319
694.808	1321
695.327	1338
695.847	1314
696.366	1313
696.885	1290
697.405	1318
697.924	1314
698.443	1315
698.962	1308
699.482	1329
700.001	1327
700.52	1315
701.039	1324
701.558	1332
702.078	1307
702.597	1322
703.116	1303
703.635	1331
704.154	1310
704.673	1309
705.192	1340
705.711	1303
706.23	1321
706.749	1336
707.268	1352
707.787	1309
708.306	1337
708.824	1338
709.343	1342
709.862	1340
710.381	1324
710.9	1330
711.419	1348
711.937	1352
712.456	1336
712.975	1364
713.493	1321
714.012	1343
714.531	1348
715.049	1362
715.568	1376
716.087	1317
716.605	1350
717.124	1362
717.642	1361
718.161	1366
718.679	1366
719.198	1366
719.716	1355
720.235	1356
720.753	1364
721.272	1371
721.79	1343
722.308	1384
722.827	1363
723.345	1365
723.863	1344
724.382	1374
724.9	1359
725.418	1347
725.936	1352
726.455	1347
726.973	1352
727.491	1365
728.009	1376
728.527	1389
729.045	1391
729.563	1370
730.081	1381
730.599	1360
731.117	1370
731.635	1378
732.153	1362
732.671	1356
733.189	1341
733.707	1356
734.225	1357
734.743	1368
735.261	1362
735.779	1379
736.297	1362
736.814	1378
737.332	1385
737.85	1393
738.368	1367
738.885	1384
739.403	1361
739.921	1375
740.439	1385
740.956	1391
741.474	1373
741.991	1371
742.509	1379
743.027	1387
743.544	1371
744.062	1387
744.579	1379
745.097	1375
745.614	1392
746.131	1355
746.649	1388
747.166	1388
747.684	1387
748.201	1375
748.718	1372
749.236	1388
749.753	1372
750.27	1393
750.788	1376
751.305	1395
751.822	1396
752.339	1394
752.856	1387
753.374	1376
753.891	1364
754.408	1370
754.925	1398
755.442	1369
755.959	1396
756.476	1382
756.993	1366
757.51	1377
758.027	1394
758.544	1400
759.061	1393
759.578	1370
760.095	1379
760.612	1378
761.128	1349
761.645	1390
762.162	1366
762.679	1373
763.196	1385
763.712	1368
764.229	1378
764.746	1404
765.263	1403
765.779	1362
766.296	1398
766.812	1362
767.329	1387
767.846	1393
768.362	1366
768.879	1364
769.395	1395
769.912	1371
770.428	1390
770.945	1390
771.461	1377
771.978	1382
772.494	1391
773.01	1395
773.527	1380
774.043	1370
774.559	1383
775.076	1361
775.592	1379
776.108	1356
776.624	1366
777.141	1360
777.657	1386
778.173	1387
778.689	1372
779.205	1375
779.721	1374
780.237	1378
780.753	1364
781.27	1369
781.786	1361
782.302	1372
782.818	1372
783.333	1351
783.849	1361
784.365	1378
784.881	1357
785.397	1377
785.913	1358
786.429	1384
786.945	1369
787.46	1364
787.976	1362
788.492	1366
789.008	1366
789.523	1342
790.039	1331
790.555	1356
791.07	1343
791.586	1367
792.102	1346
792.617	1370
793.133	1335
793.648	1347
794.164	1359
794.679	1352
795.195	1343
795.71	1348
796.226	1330
796.741	1322
797.256	1348
797.772	1328
798.287	1344
798.802	1346
799.318	1341
799.833	1334
800.348	1344
800.864	1322
801.379	1331
801.894	1329
802.409	1342
802.924	1333
803.44	1326
803.955	1333
804.47	1356
804.985	1346
805.5	1330
806.015	1337
806.53	1333
807.045	1337
807.56	1326
808.075	1358
808.59	1347
809.105	1333
809.619	1313
810.134	1316
810.649	1311
811.164	1306
811.679	1293
812.194	1308
812.708	1307
813.223	1316
813.738	1303
814.252	1319
814.767	1308
815.282	1288
815.796	1326
816.311	1305
816.826	1301
817.34	1313
817.855	1287
818.369	1312
818.884	1335
819.398	1324
819.913	1323
820.427	1314
820.941	1334
821.456	1311
821.97	1305
822.484	1340
822.999	1339
823.513	1322
824.027	1325
824.542	1309
825.056	1288
825.57	1311
826.084	1300
826.598	1315
827.113	1318
827.627	1312
828.141	1297
828.655	1333
829.169	1319
829.683	1316
830.197	1313
830.711	1317
831.225	1295
831.739	1341
832.253	1326
832.767	1336
833.281	1316
833.795	1320
834.308	1326
834.822	1301
835.336	1305
835.85	1304
836.364	1303
836.877	1321
837.391	1303
837.905	1301
838.418	1318
838.932	1317
839.446	1335
839.959	1305
840.473	1311
840.986	1312
841.5	1320
842.013	1299
842.527	1300
843.04	1330
843.554	1298
844.067	1293
844.581	1306
845.094	1331
845.607	1304
846.121	1323
846.634	1311
847.147	1328
847.661	1314
848.174	1313
848.687	1307
849.2	1316
849.714	1316
850.227	1294
850.74	1303
851.253	1329
851.766	1292
852.279	1323
852.792	1324
853.305	1332
853.818	1316
854.331	1322
854.844	1339
855.357	1334
855.87	1322
856.383	1329
856.896	1319
857.409	1347
857.921	1310
858.434	1329
858.947	1328
859.46	1305
859.973	1316
860.485	1328
860.998	1328
861.511	1299
862.023	1301
862.536	1324
863.049	1326
863.561	1323
864.074	1320
864.586	1309
865.099	1323
865.611	1311
866.124	1316
866.636	1319
867.149	1320
867.661	1292
868.173	1307
868.686	1310
869.198	1341
869.71	1305
870.223	1313
870.735	1296
871.247	1336
871.759	1321
872.272	1319
872.784	1304
873.296	1317
873.808	1326
874.32	1292
874.832	1306
875.344	1301
875.856	1293
876.368	1314
876.88	1327
877.392	1340
877.904	1330
878.416	1287
878.928	1303
879.44	1325
879.952	1308
880.464	1295
880.976	1299
881.487	1327
881.999	1311
882.511	1313
883.023	1310
883.534	1307
884.046	1299
884.558	1286
885.069	1268
885.581	1301
886.093	1300
886.604	1317
887.116	1313
887.627	1303
888.139	1285
888.65	1304
889.162	1303
889.673	1311
890.185	1319
890.696	1303
891.207	1303
891.719	1317
892.23	1322
892.741	1305
893.253	1283
893.764	1304
894.275	1305
894.786	1291
895.297	1299
895.809	1316
896.32	1326
896.831	1279
897.342	1316
897.853	1315
898.364	1297
898.875	1300
899.386	1304
899.897	1303
900.408	1307
900.919	1320
901.43	1328
901.941	1320
902.451	1333
902.962	1306
903.473	1302
903.984	1303
904.495	1295
905.005	1297
905.516	1267
906.027	1282
906.538	1295
907.048	1284
907.559	1280
908.069	1263
908.58	1236
909.091	1214
909.601	1182
910.112	1134
910.622	1079
911.133	1066
911.643	1037
912.154	1022
912.664	1014
913.174	1012
913.685	1005
914.195	1003
914.705	1005
915.216	1003
915.726	1002
916.236	1001
916.746	1002
917.256	1001
917.767	1000
918.277	1003
918.787	1000
919.297	999
919.807	999
920.317	999
920.827	999
921.337	1000
921.847	1003
922.357	1001
922.867	1000
923.377	1002
923.887	1004
924.397	1000
924.906	1000
925.416	998
925.926	999
926.436	1002
926.946	1003
927.455	998
927.965	1001
928.475	999
928.984	1002
929.494	1003
930.004	1001
930.513	1000
931.023	1002
931.532	1003
932.042	1001
932.551	1000
933.061	1001
933.57	999
934.08	1000
934.589	1000
935.098	1001
935.608	1002
936.117	1004
936.626	1003
937.136	1002
937.645	1002
938.154	1000
938.663	1002
939.173	1000
939.682	1003
940.191	999
940.7	1005
941.209	1000
941.718	998
942.227	998
942.736	1000
943.245	999
943.754	1004
944.263	1004
944.772	1002
945.281	1004
945.79	998
946.299	1003
946.807	1004
947.316	1001
947.825	1004
948.334	1002
948.843	1002
949.351	1006
949.86	1008
950.369	1004
950.877	1009
951.386	1008
951.894	1005
952.403	1005
952.911	1004
953.42	1006
953.929	1007
954.437	1007
954.945	1006
955.454	1006
955.962	1003
956.471	1004
956.979	1007
957.487	1006
957.996	1006
958.504	1002
959.012	1008
959.52	1003
960.029	1004
960.537	1005
961.045	1002
961.553	1001
962.061	1005
962.569	1005
963.077	1008
963.585	1006
