432.895	1001
433.423	1000
433.95	998
434.478	1001
435.006	999
435.534	1003
436.062	1000
436.589	1000
437.117	998
437.645	997
438.172	999
438.7	998
439.228	1001
439.756	1000
440.283	1000
440.811	1000
441.338	997
441.866	1000
442.394	995
442.921	1000
443.449	1002
443.976	998
444.504	999
445.031	997
445.559	996
446.086	999
446.614	1000
447.141	999
447.669	998
448.196	998
448.724	997
449.251	1001
449.778	1000
450.306	1000
450.833	997
451.361	1000
451.888	999
452.415	1001
452.943	1001
453.47	1002
453.997	1003
454.524	1000
455.052	1002
455.579	1000
456.106	1001
456.633	997
457.16	998
457.688	1001
458.215	1000
458.742	1000
459.269	1000
459.796	1000
460.323	999
460.85	999
461.377	1001
461.904	999
462.431	997
462.958	999
463.485	998
464.012	998
464.539	1001
465.066	1000
465.593	999
466.12	1000
466.647	998
467.174	1001
467.701	999
468.228	999
468.755	1001
469.282	1001
469.808	999
470.335	997
470.862	999
471.389	1000
471.915	1001
472.442	998
472.969	1000
473.496	1000
474.022	1001
474.549	1003
475.076	998
475.602	1000
476.129	998
476.656	1001
477.182	1000
477.709	1001
478.235	998
478.762	1001
479.289	999
479.815	1000
480.342	999
480.868	999
481.395	998
481.921	1001
482.448	1000
482.974	999
483.5	1002
484.027	997
484.553	1001
485.08	999
485.606	998
486.132	997
486.659	999
487.185	999
487.711	999
488.238	1000
488.764	998
489.29	998
489.816	1001
490.343	999
490.869	1002
491.395	996
491.921	998
492.447	1001
492.973	998
493.5	998
494.026	1000
494.552	999
495.078	998
495.604	999
496.13	996
496.656	1000
497.182	1001
497.708	1002
498.234	999
498.76	999
499.286	998
499.812	1000
500.338	999
500.864	1000
501.39	1001
501.916	1002
502.441	997
502.967	1000
503.493	1001
504.019	999
504.545	1001
505.071	1001
505.596	1003
506.122	1002
506.648	1004
507.174	1000
507.699	1001
508.225	1000
508.751	1001
509.276	1007
509.802	1000
510.328	1000
510.853	1002
511.379	1004
511.904	1002
512.43	1005
512.955	1004
513.481	1002
514.006	1006
514.532	1000
515.057	999
515.583	1003
516.108	1000
516.634	1004
517.159	1001
517.685	1003
518.21	1009
518.735	1005
519.261	1002
519.786	999
520.311	1011
520.837	1003
521.362	1004
521.887	1005
522.413	1000
522.938	1003
523.463	1005
523.988	1001
524.513	1005
525.039	1004
525.564	1006
526.089	1006
526.614	1004
527.139	1005
527.664	1009
528.189	1007
528.714	1002
529.24	1007
529.765	1010
530.29	1006
530.815	1006
531.34	1007
531.865	1008
532.389	1008
532.914	1008
533.439	1012
533.964	1011
534.489	1007
535.014	1011
535.539	1011
536.064	1010
536.588	1015
537.113	1008
537.638	1010
538.163	1009
538.688	1014
539.212	1013
539.737	1014
540.262	1018
540.786	1009
541.311	1019
541.836	1017
542.36	1017
542.885	1015
543.41	1013
543.934	1017
544.459	1017
544.983	1018
545.508	1021
546.032	1019
546.557	1016
547.081	1020
547.606	1020
548.13	1019
548.655	1019
549.179	1027
549.704	1018
550.228	1027
550.752	1021
551.277	1027
551.801	1023
552.325	1021
552.85	1030
553.374	1030
553.898	1029
554.423	1029
554.947	1030
555.471	1022
555.995	1035
556.519	1029
557.044	1038
557.568	1036
558.092	1037
558.616	1025
559.14	1042
559.664	1030
560.188	1041
560.712	1029
561.236	1031
561.76	1035
562.284	1037
562.808	1036
563.332	1043
563.856	1036
564.38	1039
564.904	1040
565.428	1036
565.952	1042
566.476	1043
567	1035
567.523	1045
568.047	1048
568.571	1048
569.095	1045
569.619	1056
570.142	1038
570.666	1038
571.19	1043
571.714	1037
572.237	1044
572.761	1055
573.285	1049
573.808	1056
574.332	1050
574.855	1059
575.379	1055
575.903	1054
576.426	1049
576.95	1056
577.473	1056
577.997	1060
578.52	1056
579.044	1064
579.567	1060
580.09	1059
580.614	1057
581.137	1069
581.661	1068
582.184	1056
582.707	1062
583.231	1070
583.754	1063
584.277	1063
584.8	1057
585.324	1059
585.847	1066
586.37	1062
586.893	1063
587.417	1054
587.94	1072
588.463	1067
588.986	1071
589.509	1066
590.032	1070
590.555	1073
591.078	1061
591.601	1064
592.124	1068
592.647	1065
593.17	1069
593.693	1081
594.216	1073
594.739	1073
595.262	1081
595.785	1077
596.308	1081
596.831	1072
597.354	1091
597.877	1077
598.399	1079
598.922	1058
599.445	1083
599.968	1079
600.49	1070
601.013	1079
601.536	1077
602.059	1084
602.581	1081
603.104	1094
603.627	1080
604.149	1082
604.672	1081
605.194	1075
605.717	1092
606.24	1075
606.762	1072
607.285	1083
607.807	1085
608.33	1078
608.852	1087
609.374	1082
609.897	1078
610.419	1081
610.942	1090
611.464	1089
611.986	1090
612.509	1091
613.031	1089
613.553	1090
614.076	1094
614.598	1084
615.12	1077
615.642	1095
616.165	1101
616.687	1086
617.209	1090
617.731	1093
618.253	1094
618.775	1092
619.297	1082
619.82	1096
620.342	1092
620.864	1096
621.386	1094
621.908	1096
622.43	1101
622.952	1102
623.474	1095
623.996	1095
624.518	1093
625.039	1091
625.561	1095
626.083	1102
626.605	1092
627.127	1106
627.649	1100
628.171	1101
628.692	1093
629.214	1095
629.736	1100
630.258	1100
630.779	1103
631.301	1112
631.823	1102
632.344	1100
632.866	1103
633.388	1106
633.909	1103
634.431	1104
634.952	1103
635.474	1101
635.995	1110
636.517	1106
637.038	1107
637.56	1116
638.081	1110
638.603	1115
639.124	1112
639.646	1106
640.167	1114
640.688	1121
641.21	1103
641.731	1118
642.252	1114
642.773	1106
643.295	1119
643.816	1114
644.337	1123
644.859	1140
645.38	1127
645.901	1106
646.422	1125
646.943	1125
647.464	1111
647.985	1129
648.506	1132
649.028	1123
649.549	1113
650.07	1122
650.591	1134
651.112	1127
651.633	1133
652.154	1132
652.674	1130
653.195	1139
653.716	1136
654.237	1125
654.758	1125
655.279	1129
655.8	1138
656.321	1117
656.841	1121
657.362	1134
657.883	1145
658.404	1136
658.924	1135
659.445	1125
659.966	1152
660.486	1139
661.007	1130
661.528	1136
662.048	1136
662.569	1120
663.089	1135
663.61	1147
664.13	1130
664.651	1147
665.171	1129
665.692	1134
666.212	1141
666.733	1130
667.253	1148
667.774	1130
668.294	1129
668.814	1142
669.335	1148
669.855	1146
670.375	1138
670.896	1131
671.416	1128
671.936	1136
672.456	1161
672.977	1135
673.497	1143
674.017	1142
674.537	1140
675.057	1144
675.577	1140
676.097	1144
676.617	1148
677.137	1159
677.657	1134
678.177	1140
678.698	1141
679.217	1149
679.737	1144
680.257	1136
680.777	1163
681.297	1165
681.817	1151
682.337	1155
682.857	1154
683.377	1154
683.896	1145
684.416	1154
684.936	1147
685.456	1160
685.975	1154
686.495	1164
687.015	1155
687.535	1151
688.054	1159
688.574	1150
689.093	1140
689.613	1138
690.133	1148
690.652	1154
691.172	1158
691.691	1163
692.211	1175
692.73	1165
693.25	1180
693.769	1166
694.289	1144
694.808	1166
695.327	1137
695.847	1151
696.366	1155
696.885	1171
697.405	1160
697.924	1170
698.443	1163
698.962	1167
699.482	1173
700.001	1163
700.52	1161
701.039	1159
701.558	1166
702.078	1170
702.597	1160
703.116	1161
703.635	1174
704.154	1174
704.673	1165
705.192	1168
705.711	1175
706.23	1188
706.749	1172
707.268	1170
707.787	1195
708.306	1176
708.824	1172
709.343	1180
709.862	1177
710.381	1179
710.9	1178
711.419	1173
711.937	1179
712.456	1168
712.975	1179
713.493	1191
714.012	1183
714.531	1186
715.049	1189
715.568	1185
716.087	1183
716.605	1191
717.124	1184
717.642	1183
718.161	1178
718.679	1176
719.198	1208
719.716	1190
720.235	1174
720.753	1196
721.272	1182
721.79	1182
722.308	1181
722.827	1198
723.345	1187
723.863	1166
724.382	1188
724.9	1180
725.418	1196
725.936	1196
726.455	1176
726.973	1192
727.491	1168
728.009	1176
728.527	1171
729.045	1180
729.563	1195
730.081	1179
730.599	1200
731.117	1200
731.635	1197
732.153	1201
732.671	1190
733.189	1201
733.707	1173
734.225	1180
734.743	1179
735.261	1203
735.779	1193
736.297	1183
736.814	1195
737.332	1193
737.85	1184
738.368	1190
738.885	1197
739.403	1204
739.921	1204
740.439	1216
740.956	1188
741.474	1170
741.991	1199
742.509	1204
743.027	1199
743.544	1177
744.062	1213
744.579	1180
745.097	1211
745.614	1190
746.131	1185
746.649	1199
747.166	1196
747.684	1186
748.201	1197
748.718	1200
749.236	1196
749.753	1196
750.27	1199
750.788	1195
751.305	1195
751.822	1191
752.339	1196
752.856	1202
753.374	1194
753.891	1183
754.408	1195
754.925	1184
755.442	1193
755.959	1193
756.476	1178
756.993	1188
757.51	1187
758.027	1193
758.544	1175
759.061	1192
759.578	1175
760.095	1181
760.612	1193
761.128	1177
761.645	1205
762.162	1184
762.679	1187
763.196	1173
763.712	1212
764.229	1193
764.746	1189
765.263	1184
765.779	1183
766.296	1210
766.812	1203
767.329	1190
767.846	1187
768.362	1175
768.879	1186
769.395	1194
769.912	1183
770.428	1198
770.945	1193
771.461	1191
771.978	1176
772.494	1187
773.01	1191
773.527	1194
774.043	1185
774.559	1176
775.076	1198
775.592	1182
776.108	1178
776.624	1187
777.141	1172
777.657	1195
778.173	1166
778.689	1186
779.205	1192
779.721	1190
780.237	1170
780.753	1185
781.27	1194
781.786	1180
782.302	1163
782.818	1180
783.333	1190
783.849	1166
784.365	1172
784.881	1181
785.397	1179
785.913	1187
786.429	1184
786.945	1187
787.46	1178
787.976	1172
788.492	1184
789.008	1174
789.523	1173
790.039	1178
790.555	1179
791.07	1180
791.586	1165
792.102	1185
792.617	1160
793.133	1167
793.648	1183
794.164	1164
794.679	1177
795.195	1173
795.71	1182
796.226	1152
796.741	1180
797.256	1145
797.772	1168
798.287	1166
798.802	1164
799.318	1159
799.833	1154
800.348	1163
800.864	1174
801.379	1167
801.894	1171
802.409	1150
802.924	1174
803.44	1170
803.955	1159
804.47	1165
804.985	1177
805.5	1160
806.015	1166
806.53	1156
807.045	1150
807.56	1166
808.075	1156
808.59	1158
809.105	1148
809.619	1152
810.134	1163
810.649	1153
811.164	1163
811.679	1153
812.194	1151
812.708	1152
813.223	1156
813.738	1168
814.252	1140
814.767	1149
815.282	1151
815.796	1148
816.311	1156
816.826	1156
817.34	1144
817.855	1163
818.369	1144
818.884	1147
819.398	1156
819.913	1138
820.427	1152
820.941	1146
821.456	1150
821.97	1151
822.484	1153
822.999	1153
823.513	1139
824.027	1155
824.542	1147
825.056	1146
825.57	1147
826.084	1143
826.598	1147
827.113	1148
827.627	1141
828.141	1155
828.655	1159
829.169	1141
829.683	1146
830.197	1171
830.711	1151
831.225	1149
831.739	1146
832.253	1139
832.767	1145
833.281	1156
833.795	1142
834.308	1145
834.822	1162
835.336	1139
835.85	1140
836.364	1155
836.877	1139
837.391	1149
837.905	1142
838.418	1159
838.932	1144
839.446	1150
839.959	1145
840.473	1152
840.986	1157
841.5	1154
842.013	1145
842.527	1144
843.04	1149
843.554	1145
844.067	1153
844.581	1153
845.094	1157
845.607	1151
846.121	1138
846.634	1139
847.147	1148
847.661	1150
848.174	1160
848.687	1160
849.2	1138
849.714	1145
850.227	1150
850.74	1158
851.253	1150
851.766	1154
852.279	1155
852.792	1147
853.305	1150
853.818	1140
854.331	1158
854.844	1146
855.357	1152
855.87	1160
856.383	1146
856.896	1170
857.409	1147
857.921	1165
858.434	1162
858.947	1157
859.46	1142
859.973	1155
860.485	1159
860.998	1146
861.511	1153
862.023	1152
862.536	1139
863.049	1147
863.561	1156
864.074	1136
864.586	1166
865.099	1142
865.611	1143
866.124	1156
866.636	1137
867.149	1138
867.661	1141
868.173	1144
868.686	1146
869.198	1145
869.71	1155
870.223	1138
870.735	1139
871.247	1140
871.759	1142
872.272	1142
872.784	1162
873.296	1139
873.808	1153
874.32	1149
874.832	1143
875.344	1155
875.856	1153
876.368	1153
876.88	1149
877.392	1151
877.904	1148
878.416	1142
878.928	1151
879.44	1149
879.952	1128
880.464	1132
880.976	1142
881.487	1133
881.999	1138
882.511	1132
883.023	1137
883.534	1149
884.046	1136
884.558	1135
885.069	1128
885.581	1124
886.093	1133
886.604	1135
887.116	1138
887.627	1137
888.139	1139
888.65	1146
889.162	1138
889.673	1134
890.185	1146
890.696	1139
891.207	1137
891.719	1123
892.23	1125
892.741	1143
893.253	1146
893.764	1137
894.275	1137
894.786	1144
895.297	1136
895.809	1143
896.32	1134
896.831	1131
897.342	1146
897.853	1128
898.364	1138
898.875	1143
899.386	1132
899.897	1140
900.408	1148
900.919	1135
901.43	1138
901.941	1146
902.451	1137
902.962	1120
903.473	1135
903.984	1147
904.495	1143
905.005	1148
905.516	1136
906.027	1128
906.538	1126
907.048	1118
907.559	1115
908.069	1109
908.58	1107
909.091	1080
909.601	1073
910.112	1069
910.622	1040
911.133	1022
911.643	1017
912.154	1008
912.664	1006
913.174	1001
913.685	1004
914.195	1000
914.705	1000
915.216	1000
915.726	999
916.236	1002
916.746	1000
917.256	1002
917.767	1002
918.277	1002
918.787	1000
919.297	1000
919.807	1002
920.317	998
920.827	999
921.337	1000
921.847	999
922.357	1001
922.867	1001
923.377	998
923.887	1000
924.397	999
924.906	997
925.416	1001
925.926	998
926.436	999
926.946	999
927.455	1000
927.965	1003
928.475	1000
928.984	1000
929.494	1000
930.004	1002
930.513	999
931.023	1000
931.532	1002
932.042	1000
932.551	1000
933.061	1001
933.57	1001
934.08	1000
934.589	999
935.098	1001
935.608	1000
936.117	1001
936.626	1001
937.136	1000
937.645	1002
938.154	1000
938.663	1001
939.173	1000
939.682	1001
940.191	1003
940.7	1000
941.209	1000
941.718	1002
942.227	1004
942.736	999
943.245	1002
943.754	1001
944.263	1000
944.772	1002
945.281	1000
945.79	1002
946.299	999
946.807	1001
947.316	1000
947.825	999
948.334	1000
948.843	1000
949.351	999
949.86	1003
950.369	1003
950.877	1000
951.386	1001
951.894	1003
952.403	1003
952.911	1001
953.42	1002
953.929	1000
954.437	1002
954.945	1000
955.454	1003
955.962	1000
956.471	1001
956.979	1000
957.487	1000
957.996	1001
958.504	999
959.012	1002
959.52	1000
960.029	1001
960.537	1001
961.045	1000
961.553	1001
962.061	1001
962.569	1004
963.077	1001
963.585	1001
