432.895	1001
433.423	1001
433.95	1003
434.478	1000
435.006	1000
435.534	1001
436.062	1002
436.589	999
437.117	1003
437.645	999
438.172	1003
438.7	1003
439.228	998
439.756	1005
440.283	1003
440.811	999
441.338	1003
441.866	1004
442.394	1003
442.921	1001
443.449	1005
443.976	1002
444.504	1002
445.031	1004
445.559	1003
446.086	1002
446.614	1002
447.141	1002
447.669	1002
448.196	1005
448.724	1000
449.251	1001
449.778	1003
450.306	1002
450.833	1000
451.361	1001
451.888	998
452.415	999
452.943	1000
453.47	1001
453.997	1004
454.524	998
455.052	1000
455.579	1001
456.106	1003
456.633	1003
457.16	1005
457.688	1000
458.215	1001
458.742	1000
459.269	1001
459.796	1002
460.323	1002
460.85	1003
461.377	1005
461.904	1000
462.431	1000
462.958	1001
463.485	999
464.012	1001
464.539	1000
465.066	1009
465.593	1002
466.12	1004
466.647	1003
467.174	998
467.701	998
468.228	1005
468.755	1000
469.282	1005
469.808	1001
470.335	1003
470.862	1002
471.389	1004
471.915	1005
472.442	1003
472.969	1000
473.496	1005
474.022	1004
474.549	1003
475.076	1001
475.602	1000
476.129	1000
476.656	1003
477.182	1005
477.709	1002
478.235	1002
478.762	1002
479.289	1001
479.815	1005
480.342	998
480.868	1004
481.395	1005
481.921	1003
482.448	1004
482.974	1006
483.5	1001
484.027	1002
484.553	1000
485.08	1002
485.606	1004
486.132	1007
486.659	1007
487.185	1007
487.711	1006
488.238	1005
488.764	1004
489.29	1003
489.816	1005
490.343	1009
490.869	1006
491.395	1006
491.921	1005
492.447	1011
492.973	1003
493.5	1009
494.026	1005
494.552	1004
495.078	1004
495.604	1011
496.13	1008
496.656	1012
497.182	1016
497.708	1019
498.234	1029
498.76	1049
499.286	1078
499.812	1152
500.338	1291
500.864	1501
501.39	1706
501.916	1823
502.441	1865
502.967	1902
503.493	1921
504.019	1964
504.545	2004
505.071	2020
505.596	2035
506.122	2075
506.648	2122
507.174	2114
507.699	2137
508.225	2171
508.751	2281
509.276	2325
509.802	2312
510.328	2372
510.853	2426
511.379	2458
511.904	2475
512.43	2508
512.955	2546
513.481	2573
514.006	2639
514.532	2677
515.057	2703
515.583	2784
516.108	2778
516.634	2848
517.159	2888
517.685	2916
518.21	2904
518.735	2956
519.261	2990
519.786	3026
520.311	3042
520.837	3146
521.362	3218
521.887	3181
522.413	3289
522.938	3277
523.463	3339
523.988	3320
524.513	3356
525.039	3394
525.564	3367
526.089	3427
526.614	3439
527.139	3509
527.664	3594
528.189	3527
528.714	3575
529.24	3518
529.765	3542
530.29	3415
530.815	3466
531.34	3428
531.865	3386
532.389	3313
532.914	3343
533.439	3398
533.964	3391
534.489	3424
535.014	3518
535.539	3638
536.064	3756
536.588	3839
537.113	3818
537.638	3893
538.163	3912
538.688	3942
539.212	3954
539.737	3903
540.262	3948
540.786	3909
541.311	4012
541.836	4018
542.36	4000
542.885	4007
543.41	4114
543.934	4055
544.459	4121
544.983	4186
545.508	4109
546.032	4166
546.557	4123
547.081	4081
547.606	4121
548.13	4135
548.655	4139
549.179	4079
549.704	4157
550.228	4187
550.752	4166
551.277	4210
551.801	4210
552.325	4202
552.85	4226
553.374	4208
553.898	4125
554.423	4173
554.947	4193
555.471	4226
555.995	4202
556.519	4236
557.044	4253
557.568	4230
558.092	4265
558.616	4267
559.14	4254
559.664	4238
560.188	4223
560.712	4270
561.236	4187
561.76	4227
562.284	4184
562.808	4205
563.332	4270
563.856	4224
564.38	4323
564.904	4260
565.428	4351
565.952	4352
566.476	4416
567	4356
567.523	4347
568.047	4420
568.571	4386
569.095	4384
569.619	4360
570.142	4407
570.666	4427
571.19	4458
571.714	4461
572.237	4509
572.761	4507
573.285	4453
573.808	4573
574.332	4511
574.855	4517
575.379	4568
575.903	4555
576.426	4596
576.95	4561
577.473	4618
577.997	4718
578.52	4661
579.044	4666
579.567	4750
580.09	4806
580.614	4828
581.137	4834
581.661	4879
582.184	4873
582.707	4938
583.231	4959
583.754	4979
584.277	5034
584.8	5008
585.324	5040
585.847	5128
586.37	5159
586.893	5198
587.417	5200
587.94	5226
588.463	5284
588.986	5316
589.509	5404
590.032	5372
590.555	5392
591.078	5544
591.601	5468
592.124	5555
592.647	5545
593.17	5610
593.693	5605
594.216	5659
594.739	5711
595.262	5695
595.785	5764
596.308	5883
596.831	5979
597.354	6057
597.877	6031
598.399	6099
598.922	6048
599.445	6141
599.968	6236
600.49	6209
601.013	6175
601.536	6274
602.059	6202
602.581	6156
603.104	6291
603.627	6354
604.149	6418
604.672	6397
605.194	6389
605.717	6483
606.24	6559
606.762	6561
607.285	6633
607.807	6607
608.33	6749
608.852	6597
609.374	6706
609.897	6794
610.419	6667
610.942	6792
611.464	6836
611.986	6933
612.509	6951
613.031	6943
613.553	6967
614.076	6914
614.598	6845
615.12	6998
615.642	6961
616.165	7047
616.687	7058
617.209	7104
617.731	7164
618.253	7172
618.775	7162
619.297	7368
619.82	7388
620.342	7313
620.864	7478
621.386	7419
621.908	7543
622.43	7434
622.952	7550
623.474	7563
623.996	7605
624.518	7590
625.039	7684
625.561	7694
626.083	7728
626.605	7888
627.127	7901
627.649	7910
628.171	7863
628.692	7951
629.214	8013
629.736	8134
630.258	8137
630.779	8079
631.301	8039
631.823	8073
632.344	8166
632.866	8081
633.388	8197
633.909	8232
634.431	8263
634.952	8308
635.474	8226
635.995	8360
636.517	8350
637.038	8410
637.56	8433
638.081	8437
638.603	8358
639.124	8476
639.646	8398
640.167	8490
640.688	8478
641.21	8552
641.731	8701
642.252	8720
642.773	8673
643.295	8638
643.816	8779
644.337	8814
644.859	8753
645.38	8747
645.901	8902
646.422	8724
646.943	8792
647.464	8999
647.985	8954
648.506	8932
649.028	9052
649.549	9087
650.07	9061
650.591	9133
651.112	9104
651.633	9200
652.154	9112
652.674	9257
653.195	9122
653.716	9202
654.237	9201
654.758	9253
655.279	9315
655.8	9259
656.321	9312
656.841	9279
657.362	9208
657.883	9228
658.404	9233
658.924	9291
659.445	9346
659.966	9339
660.486	9454
661.007	9417
661.528	9420
662.048	9431
662.569	9417
663.089	9370
663.61	9276
664.13	9412
664.651	9405
665.171	9190
665.692	9310
666.212	9200
666.733	9208
667.253	9243
667.774	9199
668.294	9177
668.814	9248
669.335	9333
669.855	9417
670.375	9417
670.896	9257
671.416	9279
671.936	9345
672.456	9412
672.977	9500
673.497	9335
674.017	9262
674.537	9317
675.057	9335
675.577	9258
676.097	9162
676.617	9163
677.137	9114
677.657	9154
678.177	9237
678.698	9134
679.217	9076
679.737	9112
680.257	8970
680.777	9167
681.297	9173
681.817	9155
682.337	9162
682.857	9212
683.377	9152
683.896	9245
684.416	9271
684.936	9178
685.456	9200
685.975	9207
686.495	9164
687.015	9192
687.535	9142
688.054	9240
688.574	9261
689.093	9116
689.613	9179
690.133	9122
690.652	9325
691.172	9307
691.691	9366
692.211	9299
692.73	9359
693.25	9412
693.769	9328
694.289	9339
694.808	9301
695.327	9431
695.847	9341
696.366	9434
696.885	9239
697.405	9224
697.924	9224
698.443	9264
698.962	9169
699.482	9176
700.001	9214
700.52	9214
701.039	9261
701.558	9251
702.078	9064
702.597	9186
703.116	9076
703.635	9179
704.154	9144
704.673	9201
705.192	9155
705.711	9220
706.23	9324
706.749	9319
707.268	9437
707.787	9404
708.306	9351
708.824	9322
709.343	9231
709.862	9400
710.381	9381
710.9	9400
711.419	9430
711.937	9265
712.456	9179
712.975	9252
713.493	9157
714.012	9323
714.531	9329
715.049	9317
715.568	9258
716.087	9288
716.605	9286
717.124	9258
717.642	9310
718.161	9233
718.679	9345
719.198	9310
719.716	9135
720.235	9157
720.753	9114
721.272	9115
721.79	9177
722.308	9016
722.827	8976
723.345	8884
723.863	8862
724.382	8880
724.9	8950
725.418	8900
725.936	8933
726.455	8963
726.973	8956
727.491	8958
728.009	8910
728.527	8943
729.045	8890
729.563	8947
730.081	8967
730.599	8833
731.117	8909
731.635	8655
732.153	8698
732.671	8797
733.189	8710
733.707	8592
734.225	8629
734.743	8663
735.261	8626
735.779	8523
736.297	8558
736.814	8513
737.332	8481
737.85	8542
738.368	8507
738.885	8551
739.403	8456
739.921	8568
740.439	8539
740.956	8470
741.474	8407
741.991	8511
742.509	8558
743.027	8445
743.544	8422
744.062	8349
744.579	8284
745.097	8264
745.614	8111
746.131	8036
746.649	8033
747.166	8071
747.684	8093
748.201	8098
748.718	8077
749.236	8115
749.753	8122
750.27	8073
750.788	8034
751.305	8108
751.822	7950
752.339	8024
752.856	8027
753.374	8057
753.891	8003
754.408	7866
754.925	7899
755.442	7825
755.959	7846
756.476	7837
756.993	7671
757.51	7651
758.027	7664
758.544	7511
759.061	7472
759.578	7529
760.095	7428
760.612	7508
761.128	7443
761.645	7322
762.162	7404
762.679	7341
763.196	7376
763.712	7351
764.229	7365
764.746	7403
765.263	7444
765.779	7331
766.296	7222
766.812	7229
767.329	7297
767.846	7257
768.362	7196
768.879	7131
769.395	7058
769.912	6990
770.428	6946
770.945	6985
771.461	6996
771.978	6871
772.494	6904
773.01	6863
773.527	6892
774.043	6878
774.559	6902
775.076	6756
775.592	6812
776.108	6818
776.624	6726
777.141	6691
777.657	6692
778.173	6678
778.689	6630
779.205	6636
779.721	6602
780.237	6558
780.753	6555
781.27	6492
781.786	6479
782.302	6467
782.818	6356
783.333	6363
783.849	6314
784.365	6301
784.881	6333
785.397	6224
785.913	6270
786.429	6208
786.945	6156
787.46	6143
787.976	6076
788.492	6141
789.008	6062
789.523	6053
790.039	6047
790.555	5987
791.07	5903
791.586	5924
792.102	5859
792.617	5908
793.133	5754
793.648	5761
794.164	5737
794.679	5712
795.195	5644
795.71	5636
796.226	5625
796.741	5547
797.256	5537
797.772	5505
798.287	5482
798.802	5451
799.318	5352
799.833	5462
800.348	5403
800.864	5393
801.379	5337
801.894	5398
802.409	5336
802.924	5328
803.44	5346
803.955	5233
804.47	5209
804.985	5194
805.5	5157
806.015	5097
806.53	5163
807.045	5101
807.56	5115
808.075	5051
808.59	5046
809.105	5071
809.619	4952
810.134	4968
810.649	5037
811.164	4930
811.679	4900
812.194	4830
812.708	4832
813.223	4829
813.738	4796
814.252	4761
814.767	4810
815.282	4759
815.796	4759
816.311	4665
816.826	4711
817.34	4638
817.855	4760
818.369	4710
818.884	4753
819.398	4659
819.913	4667
820.427	4581
820.941	4595
821.456	4625
821.97	4571
822.484	4584
822.999	4581
823.513	4608
824.027	4556
824.542	4480
825.056	4401
825.57	4502
826.084	4422
826.598	4410
827.113	4322
827.627	4375
828.141	4331
828.655	4317
829.169	4302
829.683	4273
830.197	4298
830.711	4269
831.225	4343
831.739	4296
832.253	4263
832.767	4272
833.281	4305
833.795	4327
834.308	4266
834.822	4246
835.336	4215
835.85	4253
836.364	4181
836.877	4257
837.391	4186
837.905	4231
838.418	4169
838.932	4182
839.446	4208
839.959	4246
840.473	4065
840.986	4161
841.5	4083
842.013	4104
842.527	4128
843.04	4142
843.554	4117
844.067	4158
844.581	4091
845.094	4027
845.607	3907
846.121	4007
846.634	4130
847.147	4023
847.661	3985
848.174	4064
848.687	4033
849.2	4015
849.714	4004
850.227	4017
850.74	4063
851.253	4000
851.766	3962
852.279	3947
852.792	3955
853.305	3866
853.818	3925
854.331	3920
854.844	3918
855.357	3913
855.87	3865
856.383	3918
856.896	3881
857.409	3842
857.921	3916
858.434	3932
858.947	3891
859.46	3847
859.973	3905
860.485	3870
860.998	3866
861.511	3806
862.023	3817
862.536	3812
863.049	3755
863.561	3776
864.074	3712
864.586	3675
865.099	3688
865.611	3732
866.124	3708
866.636	3700
867.149	3789
867.661	3722
868.173	3691
868.686	3650
869.198	3681
869.71	3697
870.223	3688
870.735	3627
871.247	3715
871.759	3668
872.272	3616
872.784	3672
873.296	3640
873.808	3628
874.32	3569
874.832	3572
875.344	3541
875.856	3509
876.368	3565
876.88	3550
877.392	3565
877.904	3567
878.416	3521
878.928	3564
879.44	3478
879.952	3475
880.464	3487
880.976	3540
881.487	3473
881.999	3508
882.511	3438
883.023	3451
883.534	3348
884.046	3375
884.558	3317
885.069	3257
885.581	3278
886.093	3278
886.604	3319
887.116	3304
887.627	3325
888.139	3381
888.65	3405
889.162	3359
889.673	3399
890.185	3364
890.696	3349
891.207	3357
891.719	3317
892.23	3339
892.741	3316
893.253	3343
893.764	3329
894.275	3223
894.786	3220
895.297	3251
895.809	3246
896.32	3184
896.831	3211
897.342	3207
897.853	3139
898.364	3221
898.875	3193
899.386	3226
899.897	3196
900.408	3161
900.919	3108
901.43	3133
901.941	3124
902.451	3094
902.962	3133
903.473	3094
903.984	3075
904.495	3110
905.005	3027
905.516	3009
906.027	3041
906.538	2933
907.048	2904
907.559	2905
908.069	2829
908.58	2777
909.091	2605
909.601	2309
910.112	2029
910.622	1755
911.133	1495
911.643	1312
912.154	1187
912.664	1120
913.174	1084
913.685	1053
914.195	1039
914.705	1032
915.216	1020
915.726	1030
916.236	1031
916.746	1016
917.256	1012
917.767	1012
918.277	1013
918.787	1013
919.297	1015
919.807	1015
920.317	1015
920.827	1016
921.337	1014
921.847	1012
922.357	1009
922.867	1014
923.377	1012
923.887	1013
924.397	1016
924.906	1013
925.416	1012
925.926	1016
926.436	1012
926.946	1012
927.455	1015
927.965	1010
928.475	1016
928.984	1015
929.494	1012
930.004	1016
930.513	1018
931.023	1012
931.532	1016
932.042	1018
932.551	1010
933.061	1011
933.57	1017
934.08	1016
934.589	1014
935.098	1022
935.608	1016
936.117	1015
936.626	1014
937.136	1010
937.645	1012
938.154	1011
938.663	1008
939.173	1014
939.682	1005
940.191	1013
940.7	1013
941.209	1012
941.718	1008
942.227	1013
942.736	1012
943.245	1014
943.754	1008
944.263	1015
944.772	1021
945.281	1016
945.79	1011
946.299	1015
946.807	1012
947.316	1013
947.825	1014
948.334	1023
948.843	1015
949.351	1016
949.86	1018
950.369	1014
950.877	1029
951.386	1029
951.894	1032
952.403	1025
952.911	1027
953.42	1025
953.929	1023
954.437	1029
954.945	1021
955.454	1027
955.962	1022
956.471	1024
956.979	1022
957.487	1016
957.996	1023
958.504	1025
959.012	1022
959.52	1021
960.029	1026
960.537	1024
961.045	1022
961.553	1024
962.061	1026
962.569	1025
963.077	1031
963.585	1023
