432.895	1002
433.423	1001
433.95	998
434.478	1001
435.006	1000
435.534	998
436.062	1002
436.589	1000
437.117	999
437.645	1000
438.172	1001
438.7	1000
439.228	1000
439.756	1000
440.283	1001
440.811	1001
441.338	1003
441.866	1002
442.394	1000
442.921	1001
443.449	1002
443.976	1001
444.504	999
445.031	1002
445.559	1001
446.086	998
446.614	1001
447.141	1001
447.669	1001
448.196	1001
448.724	999
449.251	1002
449.778	1000
450.306	1001
450.833	1001
451.361	998
451.888	998
452.415	999
452.943	1001
453.47	1000
453.997	1001
454.524	999
455.052	1000
455.579	1001
456.106	1002
456.633	1000
457.16	1000
457.688	999
458.215	1000
458.742	998
459.269	1000
459.796	1002
460.323	1003
460.85	1001
461.377	999
461.904	998
462.431	1002
462.958	1000
463.485	1000
464.012	1002
464.539	1000
465.066	1000
465.593	998
466.12	1001
466.647	1000
467.174	997
467.701	998
468.228	1001
468.755	999
469.282	1000
469.808	999
470.335	997
470.862	999
471.389	1000
471.915	1001
472.442	999
472.969	1001
473.496	999
474.022	1003
474.549	1004
475.076	999
475.602	1002
476.129	1000
476.656	1002
477.182	1000
477.709	1000
478.235	999
478.762	1001
479.289	998
479.815	1000
480.342	1000
480.868	1001
481.395	1000
481.921	997
482.448	999
482.974	997
483.5	999
484.027	1000
484.553	1001
485.08	999
485.606	999
486.132	999
486.659	1001
487.185	1001
487.711	1002
488.238	998
488.764	1000
489.29	997
489.816	1000
490.343	1000
490.869	1000
491.395	1004
491.921	997
492.447	1000
492.973	1001
493.5	1001
494.026	1001
494.552	1002
495.078	1001
495.604	1000
496.13	1000
496.656	1001
497.182	1002
497.708	1000
498.234	1000
498.76	1000
499.286	1000
499.812	1004
500.338	1004
500.864	1005
501.39	1003
501.916	1010
502.441	1003
502.967	1001
503.493	1009
504.019	1011
504.545	1014
505.071	1009
505.596	1007
506.122	1015
506.648	1008
507.174	1010
507.699	1008
508.225	1016
508.751	1010
509.276	1010
509.802	1016
510.328	1009
510.853	1010
511.379	1012
511.904	1010
512.43	1019
512.955	1011
513.481	1011
514.006	1015
514.532	1017
515.057	1015
515.583	1015
516.108	1017
516.634	1017
517.159	1016
517.685	1017
518.21	1015
518.735	1014
519.261	1019
519.786	1017
520.311	1019
520.837	1020
521.362	1019
521.887	1026
522.413	1022
522.938	1021
523.463	1024
523.988	1021
524.513	1024
525.039	1022
525.564	1028
526.089	1025
526.614	1030
527.139	1028
527.664	1026
528.189	1030
528.714	1037
529.24	1036
529.765	1030
530.29	1033
530.815	1033
531.34	1028
531.865	1034
532.389	1028
532.914	1029
533.439	1026
533.964	1037
534.489	1037
535.014	1034
535.539	1038
536.064	1051
536.588	1047
537.113	1039
537.638	1050
538.163	1057
538.688	1052
539.212	1054
539.737	1054
540.262	1049
540.786	1060
541.311	1065
541.836	1061
542.36	1062
542.885	1064
543.41	1070
543.934	1079
544.459	1079
544.983	1080
545.508	1078
546.032	1066
546.557	1079
547.081	1088
547.606	1083
548.13	1088
548.655	1090
549.179	1098
549.704	1096
550.228	1105
550.752	1104
551.277	1111
551.801	1115
552.325	1115
552.85	1121
553.374	1119
553.898	1120
554.423	1120
554.947	1125
555.471	1120
555.995	1136
556.519	1131
557.044	1135
557.568	1137
558.092	1150
558.616	1168
559.14	1157
559.664	1140
560.188	1168
560.712	1160
561.236	1162
561.76	1168
562.284	1176
562.808	1186
563.332	1208
563.856	1182
564.38	1180
564.904	1197
565.428	1187
565.952	1205
566.476	1215
567	1210
567.523	1211
568.047	1215
568.571	1216
569.095	1211
569.619	1225
570.142	1235
570.666	1264
571.19	1237
571.714	1229
572.237	1233
572.761	1261
573.285	1267
573.808	1260
574.332	1261
574.855	1277
575.379	1266
575.903	1279
576.426	1288
576.95	1294
577.473	1287
577.997	1298
578.52	1294
579.044	1292
579.567	1319
580.09	1328
580.614	1358
581.137	1322
581.661	1337
582.184	1326
582.707	1343
583.231	1369
583.754	1352
584.277	1355
584.8	1350
585.324	1388
585.847	1375
586.37	1382
586.893	1388
587.417	1380
587.94	1389
588.463	1392
588.986	1383
589.509	1425
590.032	1396
590.555	1397
591.078	1402
591.601	1425
592.124	1423
592.647	1408
593.17	1423
593.693	1433
594.216	1462
594.739	1465
595.262	1468
595.785	1449
596.308	1489
596.831	1485
597.354	1468
597.877	1488
598.399	1470
598.922	1495
599.445	1481
599.968	1458
600.49	1488
601.013	1477
601.536	1526
602.059	1486
602.581	1476
603.104	1520
603.627	1532
604.149	1501
604.672	1503
605.194	1496
605.717	1541
606.24	1530
606.762	1524
607.285	1547
607.807	1540
608.33	1537
608.852	1561
609.374	1562
609.897	1576
610.419	1532
610.942	1573
611.464	1566
611.986	1552
612.509	1557
613.031	1571
613.553	1597
614.076	1573
614.598	1591
615.12	1577
615.642	1556
616.165	1609
616.687	1585
617.209	1601
617.731	1601
618.253	1631
618.775	1631
619.297	1622
619.82	1608
620.342	1616
620.864	1642
621.386	1620
621.908	1634
622.43	1648
622.952	1651
623.474	1633
623.996	1639
624.518	1677
625.039	1627
625.561	1643
626.083	1678
626.605	1652
627.127	1669
627.649	1649
628.171	1684
628.692	1695
629.214	1718
629.736	1701
630.258	1716
630.779	1682
631.301	1691
631.823	1698
632.344	1711
632.866	1693
633.388	1692
633.909	1692
634.431	1737
634.952	1706
635.474	1741
635.995	1743
636.517	1727
637.038	1730
637.56	1752
638.081	1755
638.603	1787
639.124	1758
639.646	1789
640.167	1763
640.688	1796
641.21	1765
641.731	1792
642.252	1773
642.773	1760
643.295	1778
643.816	1803
644.337	1804
644.859	1809
645.38	1811
645.901	1817
646.422	1827
646.943	1833
647.464	1812
647.985	1813
648.506	1814
649.028	1850
649.549	1846
650.07	1842
650.591	1852
651.112	1817
651.633	1849
652.154	1866
652.674	1899
653.195	1875
653.716	1883
654.237	1876
654.758	1827
655.279	1892
655.8	1855
656.321	1881
656.841	1854
657.362	1893
657.883	1896
658.404	1897
658.924	1896
659.445	1898
659.966	1946
660.486	1955
661.007	1901
661.528	1886
662.048	1909
662.569	1896
663.089	1916
663.61	1940
664.13	1948
664.651	1908
665.171	1913
665.692	1947
666.212	1928
666.733	1931
667.253	1926
667.774	1963
668.294	1962
668.814	1941
669.335	1959
669.855	1941
670.375	1919
670.896	1984
671.416	1964
671.936	1933
672.456	1933
672.977	1979
673.497	1978
674.017	1990
674.537	1951
675.057	1985
675.577	1998
676.097	1997
676.617	2006
677.137	1979
677.657	1995
678.177	1996
678.698	2015
679.217	1970
679.737	1973
680.257	2001
680.777	1985
681.297	2023
681.817	2016
682.337	2004
682.857	2073
683.377	2034
683.896	1999
684.416	2024
684.936	2001
685.456	2038
685.975	2045
686.495	1998
687.015	2037
687.535	2028
688.054	2050
688.574	2000
689.093	2041
689.613	2030
690.133	2073
690.652	2073
691.172	2084
691.691	2063
692.211	2063
692.73	2117
693.25	2133
693.769	2103
694.289	2101
694.808	2103
695.327	2088
695.847	2111
696.366	2100
696.885	2069
697.405	2081
697.924	2111
698.443	2106
698.962	2109
699.482	2126
700.001	2116
700.52	2097
701.039	2141
701.558	2124
702.078	2156
702.597	2111
703.116	2135
703.635	2115
704.154	2098
704.673	2182
705.192	2148
705.711	2171
706.23	2195
706.749	2207
707.268	2164
707.787	2226
708.306	2192
708.824	2184
709.343	2189
709.862	2193
710.381	2170
710.9	2206
711.419	2179
711.937	2178
712.456	2199
712.975	2235
713.493	2219
714.012	2233
714.531	2264
715.049	2243
715.568	2252
716.087	2249
716.605	2215
717.124	2235
717.642	2264
718.161	2269
718.679	2281
719.198	2285
719.716	2275
720.235	2241
720.753	2228
721.272	2235
721.79	2229
722.308	2237
722.827	2243
723.345	2244
723.863	2260
724.382	2265
724.9	2273
725.418	2278
725.936	2326
726.455	2309
726.973	2287
727.491	2278
728.009	2286
728.527	2260
729.045	2268
729.563	2315
730.081	2282
730.599	2298
731.117	2283
731.635	2253
732.153	2286
732.671	2310
733.189	2246
733.707	2282
734.225	2278
734.743	2312
735.261	2305
735.779	2290
736.297	2336
736.814	2276
737.332	2316
737.85	2325
738.368	2290
738.885	2331
739.403	2333
739.921	2326
740.439	2316
740.956	2353
741.474	2290
741.991	2329
742.509	2305
743.027	2380
743.544	2303
744.062	2301
744.579	2324
745.097	2325
745.614	2321
746.131	2324
746.649	2336
747.166	2309
747.684	2325
748.201	2365
748.718	2359
749.236	2316
749.753	2325
750.27	2347
750.788	2323
751.305	2334
751.822	2368
752.339	2320
752.856	2315
753.374	2368
753.891	2319
754.408	2343
754.925	2327
755.442	2332
755.959	2313
756.476	2263
756.993	2280
757.51	2282
758.027	2304
758.544	2287
759.061	2287
759.578	2252
760.095	2296
760.612	2319
761.128	2309
761.645	2301
762.162	2293
762.679	2313
763.196	2290
763.712	2301
764.229	2305
764.746	2312
765.263	2308
765.779	2310
766.296	2297
766.812	2292
767.329	2301
767.846	2300
768.362	2305
768.879	2292
769.395	2272
769.912	2298
770.428	2304
770.945	2289
771.461	2267
771.978	2329
772.494	2286
773.01	2311
773.527	2274
774.043	2284
774.559	2253
775.076	2301
775.592	2264
776.108	2246
776.624	2249
777.141	2248
777.657	2245
778.173	2209
778.689	2251
779.205	2220
779.721	2245
780.237	2207
780.753	2220
781.27	2242
781.786	2237
782.302	2195
782.818	2211
783.333	2199
783.849	2195
784.365	2216
784.881	2215
785.397	2194
785.913	2224
786.429	2181
786.945	2192
787.46	2162
787.976	2182
788.492	2171
789.008	2145
789.523	2175
790.039	2148
790.555	2199
791.07	2145
791.586	2161
792.102	2167
792.617	2152
793.133	2139
793.648	2114
794.164	2161
794.679	2185
795.195	2172
795.71	2127
796.226	2145
796.741	2125
797.256	2127
797.772	2073
798.287	2102
798.802	2148
799.318	2086
799.833	2114
800.348	2133
800.864	2139
801.379	2106
801.894	2115
802.409	2096
802.924	2114
803.44	2073
803.955	2075
804.47	2128
804.985	2133
805.5	2115
806.015	2099
806.53	2081
807.045	2110
807.56	2052
808.075	2064
808.59	2073
809.105	2080
809.619	2035
810.134	2072
810.649	2041
811.164	2042
811.679	2084
812.194	2013
812.708	2009
813.223	2073
813.738	2020
814.252	2024
814.767	2046
815.282	2055
815.796	2029
816.311	2046
816.826	2017
817.34	2010
817.855	2052
818.369	2049
818.884	1996
819.398	2051
819.913	1999
820.427	2015
820.941	2049
821.456	2018
821.97	2035
822.484	2005
822.999	2004
823.513	1979
824.027	2020
824.542	2017
825.056	2005
825.57	2023
826.084	2003
826.598	2055
827.113	2001
827.627	2016
828.141	1967
828.655	1974
829.169	1987
829.683	2041
830.197	1998
830.711	2017
831.225	1999
831.739	2020
832.253	2001
832.767	1979
833.281	2040
833.795	2034
834.308	2026
834.822	2037
835.336	1991
835.85	2030
836.364	1991
836.877	1986
837.391	2026
837.905	2017
838.418	1975
838.932	2007
839.446	2015
839.959	2018
840.473	2006
840.986	2011
841.5	1974
842.013	1994
842.527	2011
843.04	2023
843.554	2002
844.067	2039
844.581	2025
845.094	2025
845.607	1985
846.121	2025
846.634	2045
847.147	2049
847.661	2000
848.174	2028
848.687	2028
849.2	2021
849.714	2033
850.227	1997
850.74	2020
851.253	2070
851.766	2039
852.279	2039
852.792	2022
853.305	2024
853.818	2018
854.331	1986
854.844	2027
855.357	1993
855.87	2031
856.383	2000
856.896	1995
857.409	2035
857.921	2025
858.434	2000
858.947	2021
859.46	2022
859.973	2035
860.485	2016
860.998	1997
861.511	2040
862.023	2030
862.536	2008
863.049	2048
863.561	2019
864.074	2010
864.586	2008
865.099	1985
865.611	2001
866.124	2038
866.636	2020
867.149	1986
867.661	2006
868.173	1997
868.686	2021
869.198	1980
869.71	1991
870.223	2020
870.735	2049
871.247	1973
871.759	1980
872.272	1976
872.784	1985
873.296	1966
873.808	1984
874.32	1986
874.832	2022
875.344	1986
875.856	1969
876.368	1971
876.88	1991
877.392	2010
877.904	2006
878.416	1984
878.928	1985
879.44	1992
879.952	1940
880.464	1964
880.976	1981
881.487	1949
881.999	1970
882.511	1921
883.023	1960
883.534	1962
884.046	1925
884.558	1946
885.069	1967
885.581	1968
886.093	1944
886.604	1935
887.116	1988
887.627	1964
888.139	1939
888.65	1971
889.162	1982
889.673	1953
890.185	1932
890.696	1960
891.207	1983
891.719	1959
892.23	1956
892.741	1949
893.253	1916
893.764	1927
894.275	1879
894.786	1914
895.297	1940
895.809	1907
896.32	1949
896.831	1960
897.342	1925
897.853	1946
898.364	1940
898.875	1917
899.386	1946
899.897	1947
900.408	1947
900.919	1993
901.43	1923
901.941	1925
902.451	1966
902.962	1904
903.473	1962
903.984	1903
904.495	1925
905.005	1912
905.516	1913
906.027	1899
906.538	1876
907.048	1888
907.559	1835
908.069	1792
908.58	1764
909.091	1676
909.601	1559
910.112	1413
910.622	1273
911.133	1174
911.643	1122
912.154	1063
912.664	1041
913.174	1031
913.685	1027
914.195	1017
914.705	1011
915.216	1009
915.726	1011
916.236	1009
916.746	1007
917.256	1010
917.767	1009
918.277	1008
918.787	1007
919.297	1006
919.807	1006
920.317	1009
920.827	1008
921.337	1008
921.847	1009
922.357	1008
922.867	1007
923.377	1008
923.887	1007
924.397	1007
924.906	1005
925.416	1007
925.926	1013
926.436	1012
926.946	1009
927.455	1003
927.965	1008
928.475	1005
928.984	1009
929.494	1008
930.004	1007
930.513	1010
931.023	1007
931.532	1006
932.042	1010
932.551	1010
933.061	1010
933.57	1011
934.08	1008
934.589	1005
935.098	1007
935.608	1009
936.117	1007
936.626	1006
937.136	1010
937.645	1008
938.154	1011
938.663	1009
939.173	1008
939.682	1010
940.191	1009
940.7	1008
941.209	1010
941.718	1008
942.227	1009
942.736	1008
943.245	1012
943.754	1004
944.263	1015
944.772	1011
945.281	1008
945.79	1009
946.299	1007
946.807	1007
947.316	1014
947.825	1012
948.334	1013
948.843	1013
949.351	1016
949.86	1010
950.369	1020
950.877	1018
951.386	1021
951.894	1022
952.403	1020
952.911	1019
953.42	1024
953.929	1023
954.437	1024
954.945	1021
955.454	1015
955.962	1013
956.471	1015
956.979	1018
957.487	1018
957.996	1016
958.504	1012
959.012	1011
959.52	1021
960.029	1015
960.537	1020
961.045	1015
961.553	1011
962.061	1017
962.569	1014
963.077	1015
963.585	1019
