432.895	1001
433.423	1000
433.95	999
434.478	1002
435.006	1000
435.534	998
436.062	1001
436.589	999
437.117	1005
437.645	1000
438.172	997
438.7	1003
439.228	1001
439.756	1000
440.283	1000
440.811	1001
441.338	999
441.866	1001
442.394	1001
442.921	1000
443.449	999
443.976	999
444.504	1000
445.031	1001
445.559	997
446.086	1000
446.614	1003
447.141	1001
447.669	1001
448.196	1001
448.724	1000
449.251	1001
449.778	1001
450.306	1002
450.833	998
451.361	1000
451.888	1002
452.415	1000
452.943	1000
453.47	1002
453.997	1000
454.524	996
455.052	1003
455.579	1002
456.106	999
456.633	999
457.16	1001
457.688	998
458.215	998
458.742	1001
459.269	1000
459.796	997
460.323	998
460.85	1000
461.377	1000
461.904	999
462.431	1004
462.958	1001
463.485	1000
464.012	1000
464.539	1000
465.066	1000
465.593	999
466.12	1000
466.647	1003
467.174	999
467.701	999
468.228	1000
468.755	1000
469.282	998
469.808	999
470.335	998
470.862	998
471.389	1000
471.915	998
472.442	1001
472.969	1000
473.496	1000
474.022	1000
474.549	999
475.076	1004
475.602	998
476.129	1001
476.656	1000
477.182	1002
477.709	1002
478.235	1002
478.762	999
479.289	1002
479.815	1001
480.342	1000
480.868	1000
481.395	1000
481.921	1001
482.448	1003
482.974	1002
483.5	1000
484.027	1002
484.553	1001
485.08	1001
485.606	1001
486.132	1001
486.659	1000
487.185	999
487.711	1001
488.238	998
488.764	999
489.29	1000
489.816	1001
490.343	1003
490.869	1001
491.395	1002
491.921	997
492.447	1002
492.973	996
493.5	1004
494.026	998
494.552	1000
495.078	999
495.604	998
496.13	1001
496.656	999
497.182	1000
497.708	1002
498.234	1001
498.76	1001
499.286	998
499.812	1003
500.338	1005
500.864	1011
501.39	1014
501.916	1022
502.441	1015
502.967	1020
503.493	1022
504.019	1025
504.545	1020
505.071	1020
505.596	1025
506.122	1021
506.648	1031
507.174	1023
507.699	1026
508.225	1024
508.751	1031
509.276	1041
509.802	1039
510.328	1025
510.853	1030
511.379	1034
511.904	1033
512.43	1038
512.955	1038
513.481	1034
514.006	1036
514.532	1037
515.057	1038
515.583	1040
516.108	1045
516.634	1037
517.159	1049
517.685	1043
518.21	1039
518.735	1050
519.261	1049
519.786	1054
520.311	1051
520.837	1054
521.362	1045
521.887	1066
522.413	1060
522.938	1063
523.463	1068
523.988	1067
524.513	1067
525.039	1065
525.564	1063
526.089	1066
526.614	1067
527.139	1073
527.664	1075
528.189	1078
528.714	1085
529.24	1081
529.765	1082
530.29	1087
530.815	1092
531.34	1081
531.865	1093
532.389	1090
532.914	1080
533.439	1088
533.964	1080
534.489	1100
535.014	1100
535.539	1125
536.064	1113
536.588	1113
537.113	1127
537.638	1135
538.163	1132
538.688	1149
539.212	1152
539.737	1136
540.262	1151
540.786	1143
541.311	1159
541.836	1159
542.36	1146
542.885	1177
543.41	1170
543.934	1192
544.459	1196
544.983	1185
545.508	1210
546.032	1190
546.557	1220
547.081	1214
547.606	1210
548.13	1217
548.655	1232
549.179	1241
549.704	1230
550.228	1249
550.752	1242
551.277	1249
551.801	1263
552.325	1269
552.85	1280
553.374	1284
553.898	1302
554.423	1290
554.947	1323
555.471	1320
555.995	1341
556.519	1332
557.044	1360
557.568	1364
558.092	1372
558.616	1383
559.14	1390
559.664	1406
560.188	1410
560.712	1416
561.236	1443
561.76	1430
562.284	1428
562.808	1472
563.332	1453
563.856	1472
564.38	1491
564.904	1505
565.428	1503
565.952	1521
566.476	1542
567	1556
567.523	1566
568.047	3631
568.571	2738
569.095	1636
569.619	1587
570.142	1611
570.666	1625
571.19	1648
571.714	1645
572.237	1670
572.761	1683
573.285	1685
573.808	1714
574.332	1724
574.855	1758
575.379	1747
575.903	1746
576.426	1756
576.95	1769
577.473	1761
577.997	1793
578.52	1806
579.044	1812
579.567	1835
580.09	1899
580.614	1877
581.137	1887
581.661	1864
582.184	1910
582.707	1903
583.231	1919
583.754	1956
584.277	1958
584.8	1994
585.324	2018
585.847	1996
586.37	1938
586.893	2022
587.417	2037
587.94	2041
588.463	2029
588.986	2030
589.509	2066
590.032	2081
590.555	2110
591.078	2084
591.601	2096
592.124	2163
592.647	2170
593.17	2146
593.693	2156
594.216	2152
594.739	2163
595.262	2229
595.785	2204
596.308	2232
596.831	2253
597.354	2205
597.877	2249
598.399	2260
598.922	2205
599.445	2275
599.968	2238
600.49	2246
601.013	2261
601.536	2232
602.059	2269
602.581	2289
603.104	2266
603.627	2296
604.149	2306
604.672	2252
605.194	2280
605.717	2343
606.24	2292
606.762	2344
607.285	2315
607.807	2345
608.33	2332
608.852	2361
609.374	2339
609.897	2393
610.419	2360
610.942	2403
611.464	2329
611.986	2386
612.509	2338
613.031	2376
613.553	2368
614.076	2358
614.598	2359
615.12	2349
615.642	2360
616.165	2406
616.687	2422
617.209	2376
617.731	2472
618.253	2378
618.775	2391
619.297	2385
619.82	2398
620.342	2402
620.864	2442
621.386	2393
621.908	2417
622.43	2451
622.952	2441
623.474	2450
623.996	2472
624.518	2461
625.039	2455
625.561	2462
626.083	2428
626.605	2452
627.127	2457
627.649	2451
628.171	2444
628.692	2444
629.214	2515
629.736	2479
630.258	2475
630.779	2481
631.301	2440
631.823	2527
632.344	2511
632.866	2511
633.388	2513
633.909	2525
634.431	2488
634.952	2488
635.474	2516
635.995	2510
636.517	2525
637.038	2514
637.56	2525
638.081	2510
638.603	2505
639.124	2565
639.646	2505
640.167	2516
640.688	2569
641.21	2551
641.731	2580
642.252	2576
642.773	2581
643.295	2570
643.816	2606
644.337	2553
644.859	2630
645.38	2620
645.901	2573
646.422	2553
646.943	2599
647.464	2580
647.985	2632
648.506	2617
649.028	2603
649.549	2591
650.07	2653
650.591	2667
651.112	2600
651.633	2651
652.154	2638
652.674	2614
653.195	2658
653.716	2659
654.237	2624
654.758	2624
655.279	2570
655.8	2631
656.321	2645
656.841	2677
657.362	2663
657.883	2663
658.404	2655
658.924	2599
659.445	2644
659.966	2779
660.486	2698
661.007	2675
661.528	2707
662.048	2667
662.569	2686
663.089	2708
663.61	2649
664.13	2612
664.651	2619
665.171	2639
665.692	2656
666.212	2625
666.733	2644
667.253	2656
667.774	2696
668.294	2657
668.814	2643
669.335	2688
669.855	2708
670.375	2712
670.896	2692
671.416	2705
671.936	2648
672.456	2685
672.977	2683
673.497	2701
674.017	2668
674.537	2688
675.057	2710
675.577	2672
676.097	2683
676.617	2660
677.137	2659
677.657	2720
678.177	2665
678.698	2722
679.217	2723
679.737	2716
680.257	2700
680.777	2664
681.297	2668
681.817	2718
682.337	2732
682.857	2747
683.377	2742
683.896	2747
684.416	2773
684.936	2760
685.456	2703
685.975	2695
686.495	2747
687.015	2776
687.535	2751
688.054	2738
688.574	2761
689.093	2823
689.613	2792
690.133	2780
690.652	2782
691.172	2816
691.691	2762
692.211	2810
692.73	2842
693.25	2843
693.769	2845
694.289	2833
694.808	2826
695.327	2821
695.847	2865
696.366	2814
696.885	2818
697.405	2882
697.924	2911
698.443	2906
698.962	2849
699.482	2901
700.001	2887
700.52	2874
701.039	2862
701.558	2939
702.078	2860
702.597	2929
703.116	2900
703.635	2933
704.154	2966
704.673	2975
705.192	2940
705.711	2949
706.23	2945
706.749	2954
707.268	2952
707.787	2956
708.306	2958
708.824	2950
709.343	2924
709.862	2937
710.381	2977
710.9	2923
711.419	3006
711.937	2965
712.456	3002
712.975	2951
713.493	2976
714.012	2979
714.531	2958
715.049	3023
715.568	2997
716.087	2976
716.605	3055
717.124	3032
717.642	3060
718.161	3017
718.679	3007
719.198	3051
719.716	3044
720.235	3041
720.753	2991
721.272	3019
721.79	3000
722.308	3043
722.827	3004
723.345	3043
723.863	3000
724.382	3018
724.9	2999
725.418	3039
725.936	3082
726.455	3083
726.973	3026
727.491	3005
728.009	3084
728.527	3025
729.045	3049
729.563	2992
730.081	3010
730.599	3020
731.117	3021
731.635	2996
732.153	3012
732.671	3032
733.189	3063
733.707	3048
734.225	3017
734.743	3023
735.261	3042
735.779	3041
736.297	3048
736.814	3084
737.332	3051
737.85	3096
738.368	3086
738.885	3052
739.403	3134
739.921	3062
740.439	3098
740.956	3103
741.474	3027
741.991	3096
742.509	3077
743.027	3108
743.544	3085
744.062	3111
744.579	3072
745.097	3188
745.614	3078
746.131	3048
746.649	3090
747.166	3077
747.684	3040
748.201	3041
748.718	3076
749.236	3076
749.753	3077
750.27	3041
750.788	3040
751.305	3072
751.822	3041
752.339	3142
752.856	3048
753.374	3064
753.891	3105
754.408	3092
754.925	3039
755.442	3102
755.959	3005
756.476	3056
756.993	3016
757.51	3002
758.027	2997
758.544	3022
759.061	2967
759.578	2953
760.095	3026
760.612	3031
761.128	3016
761.645	3025
762.162	2960
762.679	2993
763.196	3012
763.712	2985
764.229	3037
764.746	3027
765.263	3015
765.779	2993
766.296	3032
766.812	3020
767.329	2972
767.846	3001
768.362	3024
768.879	3017
769.395	2950
769.912	3012
770.428	3049
770.945	2964
771.461	2959
771.978	2971
772.494	2962
773.01	3019
773.527	2984
774.043	2967
774.559	2937
775.076	2932
775.592	2914
776.108	2980
776.624	2964
777.141	2923
777.657	2934
778.173	2929
778.689	2954
779.205	2941
779.721	2913
780.237	2926
780.753	2943
781.27	2903
781.786	2861
782.302	2806
782.818	2847
783.333	2875
783.849	2868
784.365	2853
784.881	2858
785.397	2861
785.913	2847
786.429	2846
786.945	2817
787.46	2869
787.976	2871
788.492	2860
789.008	2888
789.523	2823
790.039	2844
790.555	2843
791.07	2792
791.586	2766
792.102	2789
792.617	2763
793.133	2782
793.648	2744
794.164	2835
794.679	2782
795.195	2785
795.71	2809
796.226	2735
796.741	2730
797.256	2753
797.772	2737
798.287	2715
798.802	2723
799.318	2710
799.833	2791
800.348	2748
800.864	2711
801.379	2723
801.894	2694
802.409	2742
802.924	2709
803.44	2733
803.955	2694
804.47	2702
804.985	2670
805.5	2703
806.015	2687
806.53	2608
807.045	2640
807.56	2663
808.075	2660
808.59	2668
809.105	2609
809.619	2599
810.134	2647
810.649	2596
811.164	2546
811.679	2582
812.194	2516
812.708	2559
813.223	2537
813.738	2544
814.252	2576
814.767	2568
815.282	2629
815.796	2568
816.311	2512
816.826	2552
817.34	2542
817.855	2510
818.369	2614
818.884	2570
819.398	2537
819.913	2585
820.427	2529
820.941	2560
821.456	2510
821.97	2574
822.484	2554
822.999	2547
823.513	2570
824.027	2529
824.542	2531
825.056	2521
825.57	2570
826.084	2534
826.598	2467
827.113	2548
827.627	2473
828.141	2514
828.655	2529
829.169	2508
829.683	2468
830.197	2525
830.711	2486
831.225	2479
831.739	2532
832.253	2494
832.767	2492
833.281	2518
833.795	2495
834.308	2520
834.822	2533
835.336	2503
835.85	2495
836.364	2513
836.877	2537
837.391	2503
837.905	2465
838.418	2537
838.932	2501
839.446	2541
839.959	2514
840.473	2451
840.986	2459
841.5	2498
842.013	2519
842.527	2461
843.04	2500
843.554	2467
844.067	2517
844.581	2477
845.094	2545
845.607	2536
846.121	2531
846.634	2493
847.147	2493
847.661	2545
848.174	2531
848.687	2513
849.2	2536
849.714	2483
850.227	2531
850.74	2521
851.253	2496
851.766	2528
852.279	2504
852.792	2505
853.305	2545
853.818	2517
854.331	2473
854.844	2493
855.357	2545
855.87	2453
856.383	2555
856.896	2482
857.409	2529
857.921	2512
858.434	2499
858.947	2505
859.46	2540
859.973	2492
860.485	2513
860.998	2521
861.511	2543
862.023	2527
862.536	2475
863.049	2487
863.561	2480
864.074	2466
864.586	2476
865.099	2514
865.611	2444
866.124	2446
866.636	2477
867.149	2462
867.661	2431
868.173	2447
868.686	2474
869.198	2467
869.71	2437
870.223	2401
870.735	2470
871.247	2412
871.759	2458
872.272	2444
872.784	2425
873.296	2488
873.808	2440
874.32	2429
874.832	2404
875.344	2425
875.856	2384
876.368	2466
876.88	2449
877.392	2437
877.904	2425
878.416	2398
878.928	2394
879.44	2444
879.952	2415
880.464	2399
880.976	2428
881.487	2394
881.999	2410
882.511	2433
883.023	2375
883.534	2356
884.046	2355
884.558	2370
885.069	2385
885.581	2399
886.093	2370
886.604	2351
887.116	2368
887.627	2367
888.139	2393
888.65	2359
889.162	2432
889.673	2371
890.185	2398
890.696	2338
891.207	2352
891.719	2407
892.23	2355
892.741	2338
893.253	2369
893.764	2368
894.275	2338
894.786	2327
895.297	2357
895.809	2328
896.32	2358
896.831	2386
897.342	2296
897.853	2324
898.364	2343
898.875	2383
899.386	2335
899.897	2360
900.408	2366
900.919	2386
901.43	2348
901.941	2358
902.451	2347
902.962	2373
903.473	2387
903.984	2352
904.495	2337
905.005	2295
905.516	2296
906.027	2283
906.538	2264
907.048	2214
907.559	2202
908.069	2152
908.58	2040
909.091	1987
909.601	1793
910.112	1598
910.622	1404
911.133	1274
911.643	1161
912.154	1098
912.664	1053
913.174	1042
913.685	1027
914.195	1015
914.705	1019
915.216	1018
915.726	1017
916.236	1013
916.746	1016
917.256	1007
917.767	1015
918.277	1010
918.787	1012
919.297	1011
919.807	1006
920.317	1004
920.827	1010
921.337	1008
921.847	1007
922.357	1007
922.867	1008
923.377	1009
923.887	1008
924.397	1006
924.906	1009
925.416	1004
925.926	1012
926.436	1005
926.946	1009
927.455	1005
927.965	1009
928.475	1006
928.984	1011
929.494	1009
930.004	1008
930.513	1009
931.023	1007
931.532	1009
932.042	1008
932.551	1009
933.061	1005
933.57	1008
934.08	1007
934.589	1012
935.098	1006
935.608	1007
936.117	1013
936.626	1006
937.136	1007
937.645	1013
938.154	1009
938.663	1012
939.173	1009
939.682	1009
940.191	1009
940.7	1006
941.209	1010
941.718	1007
942.227	1012
942.736	1007
943.245	1008
943.754	1009
944.263	1010
944.772	1011
945.281	1009
945.79	1011
946.299	1011
946.807	1013
947.316	1009
947.825	1009
948.334	1014
948.843	1013
949.351	1012
949.86	1013
950.369	1025
950.877	1021
951.386	1017
951.894	1015
952.403	1030
952.911	1028
953.42	1023
953.929	1025
954.437	1018
954.945	1020
955.454	1023
955.962	1018
956.471	1015
956.979	1015
957.487	1010
957.996	1020
958.504	1013
959.012	1015
959.52	1022
960.029	1017
960.537	1017
961.045	1012
961.553	1028
962.061	1013
962.569	1022
963.077	1012
963.585	1018
