432.895	996
433.423	998
433.95	998
434.478	1000
435.006	999
435.534	1000
436.062	999
436.589	999
437.117	998
437.645	998
438.172	998
438.7	998
439.228	1000
439.756	997
440.283	997
440.811	998
441.338	1002
441.866	999
442.394	995
442.921	998
443.449	997
443.976	998
444.504	999
445.031	1000
445.559	997
446.086	998
446.614	999
447.141	1001
447.669	1001
448.196	998
448.724	999
449.251	1000
449.778	1001
450.306	999
450.833	996
451.361	1002
451.888	997
452.415	997
452.943	1000
453.47	1000
453.997	997
454.524	1000
455.052	997
455.579	1003
456.106	999
456.633	1001
457.16	999
457.688	998
458.215	999
458.742	999
459.269	1001
459.796	995
460.323	1000
460.85	999
461.377	1002
461.904	1001
462.431	997
462.958	1000
463.485	1002
464.012	998
464.539	1000
465.066	998
465.593	996
466.12	997
466.647	1001
467.174	999
467.701	1003
468.228	1002
468.755	1000
469.282	999
469.808	1000
470.335	999
470.862	1002
471.389	997
471.915	999
472.442	998
472.969	1001
473.496	999
474.022	999
474.549	1001
475.076	998
475.602	1000
476.129	998
476.656	999
477.182	998
477.709	1001
478.235	996
478.762	1000
479.289	1001
479.815	1002
480.342	998
480.868	1002
481.395	994
481.921	998
482.448	1003
482.974	997
483.5	997
484.027	997
484.553	1001
485.08	1002
485.606	1000
486.132	999
486.659	998
487.185	997
487.711	999
488.238	997
488.764	1000
489.29	1000
489.816	997
490.343	999
490.869	1002
491.395	1002
491.921	997
492.447	997
492.973	1001
493.5	1002
494.026	998
494.552	1001
495.078	999
495.604	1001
496.13	997
496.656	998
497.182	999
497.708	999
498.234	999
498.76	1001
499.286	1002
499.812	1002
500.338	1001
500.864	1003
501.39	1012
501.916	1007
502.441	1005
502.967	1005
503.493	1003
504.019	1002
504.545	1003
505.071	1004
505.596	1001
506.122	1003
506.648	1005
507.174	1005
507.699	1005
508.225	1007
508.751	1003
509.276	1010
509.802	1009
510.328	1001
510.853	1007
511.379	1004
511.904	1009
512.43	1008
512.955	1008
513.481	1009
514.006	1002
514.532	1013
515.057	1008
515.583	1011
516.108	1012
516.634	1010
517.159	1011
517.685	1010
518.21	1010
518.735	1010
519.261	1011
519.786	1017
520.311	1016
520.837	1017
521.362	1009
521.887	1015
522.413	1016
522.938	1021
523.463	1020
523.988	1017
524.513	1018
525.039	1020
525.564	1026
526.089	1022
526.614	1026
527.139	1035
527.664	1037
528.189	1031
528.714	1038
529.24	1042
529.765	1039
530.29	1036
530.815	1044
531.34	1041
531.865	1040
532.389	1055
532.914	1048
533.439	1060
533.964	1060
534.489	1052
535.014	1057
535.539	1060
536.064	1070
536.588	1071
537.113	1075
537.638	1072
538.163	1072
538.688	1072
539.212	1070
539.737	1080
540.262	1090
540.786	1072
541.311	1074
541.836	1078
542.36	1088
542.885	1081
543.41	1086
543.934	1082
544.459	1095
544.983	1088
545.508	1071
546.032	1100
546.557	1095
547.081	1098
547.606	1098
548.13	1097
548.655	1099
549.179	1087
549.704	1104
550.228	1111
550.752	1106
551.277	1104
551.801	1111
552.325	1115
552.85	1109
553.374	1123
553.898	1124
554.423	1119
554.947	1132
555.471	1131
555.995	1141
556.519	1159
557.044	1162
557.568	1162
558.092	1166
558.616	1161
559.14	1165
559.664	1182
560.188	1203
560.712	1193
561.236	1205
561.76	1199
562.284	1233
562.808	1249
563.332	1241
563.856	1247
564.38	1277
564.904	1279
565.428	1290
565.952	1321
566.476	1322
567	1320
567.523	1349
568.047	1352
568.571	1356
569.095	1393
569.619	1415
570.142	1362
570.666	1435
571.19	1403
571.714	1424
572.237	1457
572.761	1457
573.285	1449
573.808	1466
574.332	1450
574.855	1456
575.379	1457
575.903	1479
576.426	1485
576.95	1485
577.473	1486
577.997	1493
578.52	1476
579.044	1471
579.567	1483
580.09	1487
580.614	1499
581.137	1492
581.661	1483
582.184	1460
582.707	1458
583.231	1478
583.754	1476
584.277	1462
584.8	1450
585.324	1447
585.847	1440
586.37	1450
586.893	1454
587.417	1428
587.94	1428
588.463	1439
588.986	1462
589.509	1477
590.032	1482
590.555	1486
591.078	1489
591.601	1480
592.124	1504
592.647	1492
593.17	1514
593.693	1524
594.216	1484
594.739	1508
595.262	1496
595.785	1514
596.308	1526
596.831	1532
597.354	1504
597.877	1533
598.399	1539
598.922	1518
599.445	1523
599.968	1554
600.49	1559
601.013	1531
601.536	1584
602.059	1601
602.581	1617
603.104	1606
603.627	1646
604.149	1672
604.672	1650
605.194	1663
605.717	1639
606.24	1676
606.762	1696
607.285	1678
607.807	1742
608.33	1777
608.852	1775
609.374	1766
609.897	1810
610.419	1797
610.942	1845
611.464	1884
611.986	1905
612.509	1922
613.031	1932
613.553	1926
614.076	1918
614.598	1969
615.12	1990
615.642	1954
616.165	1970
616.687	1962
617.209	2017
617.731	1977
618.253	1985
618.775	2014
619.297	2023
619.82	2030
620.342	2073
620.864	2075
621.386	2038
621.908	2011
622.43	2044
622.952	2014
623.474	2057
623.996	2028
624.518	1984
625.039	2004
625.561	1960
626.083	1979
626.605	1993
627.127	1947
627.649	1960
628.171	1926
628.692	1947
629.214	1939
629.736	1905
630.258	1937
630.779	1873
631.301	1850
631.823	1825
632.344	1848
632.866	1833
633.388	1805
633.909	1814
634.431	1803
634.952	1814
635.474	1823
635.995	1780
636.517	1797
637.038	1793
637.56	1769
638.081	1812
638.603	1784
639.124	1796
639.646	1798
640.167	1817
640.688	1799
641.21	1810
641.731	1753
642.252	1806
642.773	1818
643.295	1779
643.816	1797
644.337	1731
644.859	1785
645.38	1794
645.901	1797
646.422	1810
646.943	1795
647.464	1820
647.985	1818
648.506	1815
649.028	1815
649.549	1830
650.07	1827
650.591	1821
651.112	1858
651.633	1838
652.154	1893
652.674	1871
653.195	1858
653.716	1896
654.237	1892
654.758	1924
655.279	1919
655.8	1913
656.321	1934
656.841	1915
657.362	1941
657.883	1947
658.404	2013
658.924	1991
659.445	2011
659.966	2063
660.486	2072
661.007	2084
661.528	2075
662.048	2103
662.569	2116
663.089	2125
663.61	2134
664.13	2149
664.651	2207
665.171	2214
665.692	2235
666.212	2212
666.733	2246
667.253	2259
667.774	2266
668.294	2291
668.814	2320
669.335	2348
669.855	2332
670.375	2355
670.896	2405
671.416	2369
671.936	2404
672.456	2418
672.977	2419
673.497	2375
674.017	2392
674.537	2329
675.057	2361
675.577	2383
676.097	2360
676.617	2384
677.137	2336
677.657	2300
678.177	2317
678.698	2290
679.217	2309
679.737	2257
680.257	2309
680.777	2266
681.297	2251
681.817	2200
682.337	2237
682.857	2207
683.377	2161
683.896	2184
684.416	2124
684.936	2124
685.456	2094
685.975	2105
686.495	2079
687.015	2076
687.535	2047
688.054	2082
688.574	2048
689.093	2008
689.613	2022
690.133	2023
690.652	2038
691.172	2069
691.691	2004
692.211	2021
692.73	2014
693.25	1978
693.769	1982
694.289	2012
694.808	2000
695.327	1970
695.847	1971
696.366	1954
696.885	1961
697.405	1922
697.924	1929
698.443	1915
698.962	1949
699.482	1970
700.001	1950
700.52	1931
701.039	1906
701.558	1903
702.078	1902
702.597	1938
703.116	1944
703.635	1952
704.154	1949
704.673	1962
705.192	1967
705.711	1909
706.23	1951
706.749	1949
707.268	1930
707.787	1939
708.306	1969
708.824	1952
709.343	1958
709.862	1971
710.381	1951
710.9	1956
711.419	1988
711.937	1978
712.456	1979
712.975	1998
713.493	2018
714.012	2017
714.531	2041
715.049	2045
715.568	2045
716.087	2051
716.605	2043
717.124	2044
717.642	2035
718.161	2102
718.679	2086
719.198	2097
719.716	2089
720.235	2075
720.753	2097
721.272	2073
721.79	2111
722.308	2167
722.827	2161
723.345	2176
723.863	2160
724.382	2195
724.9	2215
725.418	2229
725.936	2239
726.455	2248
726.973	2237
727.491	2275
728.009	2256
728.527	2272
729.045	2281
729.563	2303
730.081	2338
730.599	2315
731.117	2311
731.635	2341
732.153	2396
732.671	2340
733.189	2365
733.707	2388
734.225	2383
734.743	2380
735.261	2400
735.779	2399
736.297	2408
736.814	2383
737.332	2423
737.85	2391
738.368	2424
738.885	2408
739.403	2373
739.921	2345
740.439	2374
740.956	2382
741.474	2372
741.991	2413
742.509	2375
743.027	2322
743.544	2336
744.062	2331
744.579	2297
745.097	2280
745.614	2265
746.131	2262
746.649	2228
747.166	2216
747.684	2210
748.201	2164
748.718	2149
749.236	2177
749.753	2149
750.27	2102
750.788	2126
751.305	2120
751.822	2121
752.339	2096
752.856	2068
753.374	2095
753.891	2020
754.408	2021
754.925	2051
755.442	2005
755.959	2043
756.476	1967
756.993	2002
757.51	1962
758.027	1953
758.544	1924
759.061	1953
759.578	1920
760.095	1938
760.612	1895
761.128	1884
761.645	1883
762.162	1862
762.679	1912
763.196	1877
763.712	1869
764.229	1901
764.746	1825
765.263	1862
765.779	1862
766.296	1845
766.812	1844
767.329	1863
767.846	1777
768.362	1835
768.879	1852
769.395	1831
769.912	1823
770.428	1809
770.945	1807
771.461	1782
771.978	1809
772.494	1821
773.01	1785
773.527	1773
774.043	1761
774.559	1769
775.076	1779
775.592	1768
776.108	1757
776.624	1785
777.141	1771
777.657	1738
778.173	1739
778.689	1773
779.205	1739
779.721	1791
780.237	1760
780.753	1761
781.27	1703
781.786	1750
782.302	1745
782.818	1761
783.333	1748
783.849	1740
784.365	1748
784.881	1754
785.397	1724
785.913	1754
786.429	1705
786.945	1746
787.46	1767
787.976	1730
788.492	1751
789.008	1738
789.523	1739
790.039	1714
790.555	1771
791.07	1728
791.586	1748
792.102	1704
792.617	1742
793.133	1749
793.648	1729
794.164	1760
794.679	1727
795.195	1740
795.71	1732
796.226	1712
796.741	1752
797.256	1711
797.772	1748
798.287	1743
798.802	1770
799.318	1763
799.833	1766
800.348	1736
800.864	1776
801.379	1798
801.894	1787
802.409	1767
802.924	1764
803.44	1791
803.955	1807
804.47	1754
804.985	1782
805.5	1787
806.015	1799
806.53	1818
807.045	1820
807.56	1771
808.075	1778
808.59	1776
809.105	1786
809.619	1788
810.134	1776
810.649	1736
811.164	1775
811.679	1756
812.194	1805
812.708	1800
813.223	1794
813.738	1783
814.252	1777
814.767	1778
815.282	1767
815.796	1788
816.311	1791
816.826	1760
817.34	1775
817.855	1796
818.369	1767
818.884	1743
819.398	1749
819.913	1780
820.427	1725
820.941	1726
821.456	1747
821.97	1738
822.484	1710
822.999	1691
823.513	1707
824.027	1688
824.542	1691
825.056	1700
825.57	1679
826.084	1684
826.598	1659
827.113	1660
827.627	1661
828.141	1666
828.655	1648
829.169	1621
829.683	1630
830.197	1650
830.711	1621
831.225	1610
831.739	1612
832.253	1626
832.767	1633
833.281	1568
833.795	1569
834.308	1606
834.822	1593
835.336	1572
835.85	1569
836.364	1561
836.877	1553
837.391	1573
837.905	1568
838.418	1556
838.932	1552
839.446	1549
839.959	1572
840.473	1531
840.986	1547
841.5	1521
842.013	1542
842.527	1532
843.04	1535
843.554	1528
844.067	1544
844.581	1530
845.094	1534
845.607	1519
846.121	1544
846.634	1506
847.147	1518
847.661	1537
848.174	1505
848.687	1504
849.2	1489
849.714	1504
850.227	1485
850.74	1523
851.253	1480
851.766	1499
852.279	1509
852.792	1518
853.305	1497
853.818	1517
854.331	1470
854.844	1487
855.357	1528
855.87	1497
856.383	1527
856.896	1524
857.409	1492
857.921	1485
858.434	1498
858.947	1510
859.46	1497
859.973	1524
860.485	1528
860.998	1516
861.511	1506
862.023	1536
862.536	1534
863.049	1490
863.561	1506
864.074	1477
864.586	1506
865.099	1500
865.611	1495
866.124	1489
866.636	1501
867.149	1489
867.661	1505
868.173	1502
868.686	1472
869.198	1512
869.71	1498
870.223	1531
870.735	1533
871.247	1522
871.759	1529
872.272	1511
872.784	1508
873.296	1536
873.808	1513
874.32	1533
874.832	1516
875.344	1541
875.856	1536
876.368	1540
876.88	1517
877.392	1519
877.904	1527
878.416	1514
878.928	1529
879.44	1531
879.952	1531
880.464	1534
880.976	1535
881.487	1556
881.999	1550
882.511	1555
883.023	1555
883.534	1598
884.046	1529
884.558	1568
885.069	1544
885.581	1574
886.093	1593
886.604	1570
887.116	1558
887.627	1546
888.139	1552
888.65	1558
889.162	1554
889.673	1551
890.185	1557
890.696	1605
891.207	1603
891.719	1628
892.23	1602
892.741	1610
893.253	1595
893.764	1607
894.275	1584
894.786	1636
895.297	1616
895.809	1600
896.32	1609
896.831	1612
897.342	1632
897.853	1633
898.364	1619
898.875	1587
899.386	1625
899.897	1615
900.408	1622
900.919	1623
901.43	1649
901.941	1638
902.451	1648
902.962	1652
903.473	1622
903.984	1657
904.495	1630
905.005	1597
905.516	1614
906.027	1620
906.538	1604
907.048	1566
907.559	1561
908.069	1518
908.58	1461
909.091	1411
909.601	1300
910.112	1220
910.622	1153
911.133	1090
911.643	1073
912.154	1039
912.664	1029
913.174	1028
913.685	1015
914.195	1014
914.705	1012
915.216	1008
915.726	1011
916.236	1012
916.746	1010
917.256	1006
917.767	1005
918.277	1005
918.787	1002
919.297	1005
919.807	1001
920.317	1001
920.827	1003
921.337	1007
921.847	1001
922.357	1002
922.867	1002
923.377	1000
923.887	1003
924.397	999
924.906	1005
925.416	1004
925.926	1007
926.436	999
926.946	1001
927.455	1006
927.965	1001
928.475	1006
928.984	1005
929.494	1001
930.004	1004
930.513	1006
931.023	1001
931.532	1001
932.042	1005
932.551	1000
933.061	1002
933.57	1004
934.08	1004
934.589	999
935.098	1003
935.608	1003
936.117	1003
936.626	1004
937.136	1005
937.645	1005
938.154	1004
938.663	1003
939.173	1001
939.682	1001
940.191	1005
940.7	1006
941.209	1004
941.718	1001
942.227	1004
942.736	1002
943.245	1000
943.754	1004
944.263	1003
944.772	1003
945.281	1006
945.79	1004
946.299	1001
946.807	1002
947.316	1002
947.825	1004
948.334	999
948.843	999
949.351	1001
949.86	1005
950.369	1001
950.877	1003
951.386	1003
951.894	1008
952.403	1004
952.911	1005
953.42	1004
953.929	1003
954.437	1005
954.945	1002
955.454	1006
955.962	1005
956.471	1001
956.979	1004
957.487	1003
957.996	1005
958.504	1003
959.012	1005
959.52	1004
960.029	1001
960.537	1002
961.045	1009
961.553	1004
962.061	1006
962.569	1005
963.077	1005
963.585	1005
