432.895	998
433.423	1000
433.95	999
434.478	1000
435.006	1001
435.534	1003
436.062	997
436.589	997
437.117	998
437.645	1000
438.172	1001
438.7	999
439.228	1000
439.756	998
440.283	999
440.811	1002
441.338	1000
441.866	1001
442.394	996
442.921	998
443.449	997
443.976	1002
444.504	1001
445.031	997
445.559	999
446.086	1001
446.614	1001
447.141	1000
447.669	1001
448.196	1000
448.724	997
449.251	999
449.778	999
450.306	998
450.833	999
451.361	1000
451.888	1003
452.415	1001
452.943	998
453.47	1001
453.997	1001
454.524	998
455.052	1000
455.579	1001
456.106	999
456.633	1002
457.16	1001
457.688	999
458.215	999
458.742	1001
459.269	1001
459.796	1000
460.323	1000
460.85	1000
461.377	1000
461.904	1001
462.431	1001
462.958	1001
463.485	1000
464.012	1001
464.539	998
465.066	1002
465.593	1000
466.12	1001
466.647	1003
467.174	1001
467.701	1000
468.228	1000
468.755	998
469.282	1003
469.808	998
470.335	1002
470.862	1001
471.389	1002
471.915	1000
472.442	999
472.969	998
473.496	999
474.022	998
474.549	1001
475.076	1000
475.602	1002
476.129	1001
476.656	1000
477.182	998
477.709	1003
478.235	1001
478.762	999
479.289	1000
479.815	1002
480.342	999
480.868	1000
481.395	998
481.921	1000
482.448	1002
482.974	1003
483.5	999
484.027	1000
484.553	999
485.08	999
485.606	1001
486.132	1000
486.659	999
487.185	1004
487.711	997
488.238	999
488.764	1001
489.29	999
489.816	1000
490.343	997
490.869	999
491.395	1000
491.921	998
492.447	1000
492.973	996
493.5	1001
494.026	1000
494.552	1001
495.078	999
495.604	1004
496.13	1000
496.656	1002
497.182	1002
497.708	1001
498.234	1002
498.76	1003
499.286	1001
499.812	1004
500.338	1006
500.864	1016
501.39	1008
501.916	1019
502.441	1022
502.967	1023
503.493	1024
504.019	1021
504.545	1030
505.071	1022
505.596	1024
506.122	1023
506.648	1034
507.174	1027
507.699	1034
508.225	1029
508.751	1037
509.276	1030
509.802	1030
510.328	1033
510.853	1035
511.379	1049
511.904	1046
512.43	1049
512.955	1039
513.481	1046
514.006	1047
514.532	1052
515.057	1055
515.583	1049
516.108	1066
516.634	1059
517.159	1061
517.685	1054
518.21	1068
518.735	1066
519.261	1068
519.786	1068
520.311	1080
520.837	1079
521.362	1080
521.887	1080
522.413	1088
522.938	1082
523.463	1099
523.988	1090
524.513	1085
525.039	1101
525.564	1097
526.089	1105
526.614	1103
527.139	1104
527.664	1109
528.189	1124
528.714	1106
529.24	1125
529.765	1112
530.29	1109
530.815	1125
531.34	1122
531.865	1122
532.389	1115
532.914	1124
533.439	1121
533.964	1127
534.489	1132
535.014	1146
535.539	1149
536.064	1179
536.588	1166
537.113	1180
537.638	1180
538.163	1195
538.688	1181
539.212	1196
539.737	1218
540.262	1191
540.786	1191
541.311	1194
541.836	1205
542.36	1217
542.885	1242
543.41	1219
543.934	1235
544.459	1230
544.983	1242
545.508	1242
546.032	1268
546.557	1265
547.081	1261
547.606	1267
548.13	1249
548.655	1262
549.179	1295
549.704	1300
550.228	1329
550.752	1324
551.277	1333
551.801	1316
552.325	1325
552.85	1342
553.374	1343
553.898	1331
554.423	1352
554.947	1368
555.471	1346
555.995	1381
556.519	1392
557.044	1390
557.568	1414
558.092	1400
558.616	1415
559.14	1435
559.664	1406
560.188	1412
560.712	1418
561.236	1427
561.76	1424
562.284	1475
562.808	1473
563.332	1493
563.856	1476
564.38	1503
564.904	1523
565.428	1499
565.952	1536
566.476	1509
567	1544
567.523	1567
568.047	1571
568.571	1584
569.095	1594
569.619	1575
570.142	1620
570.666	1625
571.19	1615
571.714	1665
572.237	1646
572.761	1678
573.285	1664
573.808	1689
574.332	1716
574.855	1691
575.379	1696
575.903	1735
576.426	1793
576.95	1761
577.473	1760
577.997	1780
578.52	1795
579.044	1777
579.567	1880
580.09	1847
580.614	1852
581.137	1865
581.661	1895
582.184	1880
582.707	1920
583.231	1911
583.754	1917
584.277	1962
584.8	1949
585.324	1971
585.847	1990
586.37	2016
586.893	2045
587.417	2005
587.94	2091
588.463	2021
588.986	2091
589.509	2178
590.032	2182
590.555	2158
591.078	2156
591.601	2152
592.124	2173
592.647	2200
593.17	2217
593.693	2251
594.216	2287
594.739	2278
595.262	2314
595.785	2347
596.308	2410
596.831	2387
597.354	2449
597.877	2391
598.399	2457
598.922	2429
599.445	2421
599.968	2433
600.49	2489
601.013	2494
601.536	2544
602.059	2566
602.581	2524
603.104	2588
603.627	2566
604.149	2642
604.672	2641
605.194	2669
605.717	2685
606.24	2693
606.762	2715
607.285	2745
607.807	2757
608.33	2796
608.852	2808
609.374	2775
609.897	2843
610.419	2844
610.942	2870
611.464	2866
611.986	2888
612.509	2912
613.031	2969
613.553	2957
614.076	2965
614.598	2955
615.12	3009
615.642	3050
616.165	3012
616.687	3037
617.209	3011
617.731	3118
618.253	3139
618.775	3152
619.297	3177
619.82	3160
620.342	3197
620.864	3260
621.386	3223
621.908	3313
622.43	3355
622.952	3362
623.474	3442
623.996	3393
624.518	3414
625.039	3345
625.561	3420
626.083	3466
626.605	3490
627.127	3545
627.649	3493
628.171	3511
628.692	3555
629.214	3619
629.736	3604
630.258	3664
630.779	3675
631.301	3682
631.823	3640
632.344	3692
632.866	3688
633.388	3729
633.909	3784
634.431	3803
634.952	3815
635.474	3769
635.995	3885
636.517	3906
637.038	4002
637.56	3983
638.081	3965
638.603	3999
639.124	4041
639.646	4068
640.167	4037
640.688	4082
641.21	4122
641.731	4168
642.252	4208
642.773	4133
643.295	4221
643.816	4257
644.337	4259
644.859	4260
645.38	4400
645.901	4392
646.422	4313
646.943	4429
647.464	4396
647.985	4418
648.506	4508
649.028	4482
649.549	4590
650.07	4440
650.591	4508
651.112	4506
651.633	4550
652.154	4586
652.674	4617
653.195	4631
653.716	4611
654.237	4662
654.758	4702
655.279	4678
655.8	4734
656.321	4676
656.841	4706
657.362	4722
657.883	4784
658.404	4704
658.924	4846
659.445	4867
659.966	4847
660.486	4928
661.007	4931
661.528	5020
662.048	4958
662.569	4982
663.089	4966
663.61	5001
664.13	4997
664.651	5026
665.171	4961
665.692	4990
666.212	5000
666.733	4998
667.253	4989
667.774	5112
668.294	5132
668.814	5204
669.335	5192
669.855	5228
670.375	5313
670.896	5273
671.416	5321
671.936	5384
672.456	5349
672.977	5280
673.497	5348
674.017	5376
674.537	5346
675.057	5395
675.577	5317
676.097	5334
676.617	5334
677.137	5325
677.657	5413
678.177	5366
678.698	5375
679.217	5505
679.737	5488
680.257	5489
680.777	5482
681.297	5480
681.817	5493
682.337	5503
682.857	5582
683.377	5525
683.896	5528
684.416	5587
684.936	5571
685.456	5601
685.975	5685
686.495	5651
687.015	5598
687.535	5633
688.054	5674
688.574	5700
689.093	5742
689.613	5788
690.133	5815
690.652	5836
691.172	5830
691.691	5850
692.211	5970
692.73	5920
693.25	5991
693.769	6095
694.289	6048
694.808	6003
695.327	6052
695.847	5983
696.366	5979
696.885	5956
697.405	5932
697.924	5996
698.443	6012
698.962	6076
699.482	5974
700.001	6113
700.52	6103
701.039	6133
701.558	6189
702.078	6182
702.597	6256
703.116	6185
703.635	6141
704.154	6232
704.673	6297
705.192	6255
705.711	6230
706.23	6279
706.749	6343
707.268	6388
707.787	6399
708.306	6409
708.824	6427
709.343	6416
709.862	6356
710.381	6420
710.9	6385
711.419	6436
711.937	6362
712.456	6392
712.975	6448
713.493	6480
714.012	6599
714.531	6641
715.049	6630
715.568	6597
716.087	6703
716.605	6610
717.124	6663
717.642	6720
718.161	6726
718.679	6688
719.198	6761
719.716	6698
720.235	6641
720.753	6713
721.272	6741
721.79	6664
722.308	6686
722.827	6747
723.345	6720
723.863	6768
724.382	6769
724.9	6805
725.418	6735
725.936	6742
726.455	6721
726.973	6890
727.491	6791
728.009	6808
728.527	6756
729.045	6753
729.563	6827
730.081	6869
730.599	6782
731.117	6771
731.635	6760
732.153	6725
732.671	6731
733.189	6717
733.707	6770
734.225	6835
734.743	6867
735.261	6815
735.779	6766
736.297	6888
736.814	6927
737.332	6971
737.85	6962
738.368	6911
738.885	6950
739.403	6933
739.921	6922
740.439	6832
740.956	6946
741.474	6896
741.991	6927
742.509	6880
743.027	6913
743.544	6836
744.062	6797
744.579	6835
745.097	6819
745.614	6821
746.131	6919
746.649	7040
747.166	6828
747.684	6848
748.201	6953
748.718	6934
749.236	6842
749.753	6795
750.27	6763
750.788	6816
751.305	6839
751.822	6751
752.339	6779
752.856	6880
753.374	6781
753.891	6710
754.408	6768
754.925	6791
755.442	6806
755.959	6847
756.476	6734
756.993	6702
757.51	6742
758.027	6799
758.544	6686
759.061	6645
759.578	6707
760.095	6648
760.612	6673
761.128	6671
761.645	6655
762.162	6681
762.679	6712
763.196	6691
763.712	6749
764.229	6681
764.746	6650
765.263	6733
765.779	6705
766.296	6610
766.812	6681
767.329	6671
767.846	6731
768.362	6675
768.879	6740
769.395	6778
769.912	6661
770.428	6663
770.945	6682
771.461	6673
771.978	6619
772.494	6645
773.01	6586
773.527	6637
774.043	6589
774.559	6552
775.076	6440
775.592	6433
776.108	6441
776.624	6510
777.141	6331
777.657	6466
778.173	6388
778.689	6314
779.205	6349
779.721	6324
780.237	6292
780.753	6283
781.27	6239
781.786	6167
782.302	6219
782.818	6185
783.333	6181
783.849	6099
784.365	6043
784.881	6153
785.397	6155
785.913	6065
786.429	6050
786.945	6113
787.46	6138
787.976	6140
788.492	6069
789.008	5992
789.523	6105
790.039	6051
790.555	6033
791.07	6006
791.586	5945
792.102	5943
792.617	5921
793.133	5898
793.648	6022
794.164	5909
794.679	5873
795.195	5864
795.71	5905
796.226	5864
796.741	5852
797.256	5812
797.772	5811
798.287	5748
798.802	5755
799.318	5735
799.833	5704
800.348	5701
800.864	5725
801.379	5639
801.894	5675
802.409	5692
802.924	5727
803.44	5720
803.955	5690
804.47	5712
804.985	5681
805.5	5666
806.015	5617
806.53	5662
807.045	5569
807.56	5600
808.075	5579
808.59	5431
809.105	5417
809.619	5414
810.134	5447
810.649	5414
811.164	5410
811.679	5376
812.194	5383
812.708	5406
813.223	5420
813.738	5377
814.252	5349
814.767	5399
815.282	5364
815.796	5419
816.311	5417
816.826	5368
817.34	5399
817.855	5301
818.369	5444
818.884	5378
819.398	5382
819.913	5324
820.427	5347
820.941	5323
821.456	5356
821.97	5314
822.484	5315
822.999	5248
823.513	5184
824.027	5194
824.542	5200
825.056	5178
825.57	5203
826.084	5217
826.598	5202
827.113	5273
827.627	5158
828.141	5244
828.655	5303
829.169	5185
829.683	5210
830.197	5179
830.711	5178
831.225	5266
831.739	5211
832.253	5180
832.767	5140
833.281	5231
833.795	5225
834.308	5257
834.822	5289
835.336	5187
835.85	5221
836.364	5219
836.877	5194
837.391	5179
837.905	5141
838.418	5067
838.932	5064
839.446	5062
839.959	4998
840.473	5123
840.986	5054
841.5	5063
842.013	5106
842.527	5092
843.04	5081
843.554	5141
844.067	5164
844.581	5128
845.094	5184
845.607	5125
846.121	5223
846.634	5240
847.147	5236
847.661	5202
848.174	5165
848.687	5195
849.2	5175
849.714	5173
850.227	5120
850.74	5128
851.253	5108
851.766	5098
852.279	5108
852.792	5063
853.305	5113
853.818	5105
854.331	5151
854.844	5132
855.357	5112
855.87	5080
856.383	5068
856.896	5106
857.409	5082
857.921	5058
858.434	5089
858.947	5106
859.46	5127
859.973	5064
860.485	5110
860.998	5050
861.511	5077
862.023	5096
862.536	5101
863.049	5106
863.561	5089
864.074	5119
864.586	5128
865.099	5061
865.611	5108
866.124	5100
866.636	5128
867.149	5005
867.661	5048
868.173	4964
868.686	5009
869.198	5068
869.71	4930
870.223	5001
870.735	5061
871.247	4985
871.759	4991
872.272	5062
872.784	5044
873.296	5047
873.808	5083
874.32	4987
874.832	5022
875.344	5084
875.856	5081
876.368	5134
876.88	5007
877.392	4988
877.904	4929
878.416	4992
878.928	4943
879.44	4968
879.952	4960
880.464	4987
880.976	4962
881.487	4932
881.999	4941
882.511	5019
883.023	4931
883.534	4933
884.046	4953
884.558	4929
885.069	5009
885.581	4973
886.093	4966
886.604	4913
887.116	4833
887.627	4908
888.139	4837
888.65	4884
889.162	4865
889.673	4864
890.185	4856
890.696	4918
891.207	4868
891.719	4844
892.23	4824
892.741	4817
893.253	4825
893.764	4767
894.275	4763
894.786	4708
895.297	4671
895.809	4735
896.32	4731
896.831	4777
897.342	4753
897.853	4729
898.364	4668
898.875	4676
899.386	4721
899.897	4655
900.408	4677
900.919	4698
901.43	4741
901.941	4641
902.451	4670
902.962	4659
903.473	4618
903.984	4585
904.495	4556
905.005	4555
905.516	4591
906.027	4538
906.538	4447
907.048	4407
907.559	4365
908.069	4276
908.58	4025
909.091	3751
909.601	3244
910.112	2704
910.622	2223
911.133	1789
911.643	1483
912.154	1273
912.664	1176
913.174	1118
913.685	1071
914.195	1056
914.705	1035
915.216	1035
915.726	1028
916.236	1027
916.746	1020
917.256	1016
917.767	1013
918.277	1014
918.787	1016
919.297	1012
919.807	1012
920.317	1012
920.827	1017
921.337	1005
921.847	1012
922.357	1015
922.867	1008
923.377	1010
923.887	1012
924.397	1006
924.906	1012
925.416	1006
925.926	1006
926.436	1007
926.946	1010
927.455	1015
927.965	1014
928.475	1013
928.984	1010
929.494	1008
930.004	1014
930.513	1009
931.023	1007
931.532	1006
932.042	1009
932.551	1008
933.061	1007
933.57	1009
934.08	1006
934.589	1006
935.098	1008
935.608	1009
936.117	1005
936.626	1009
937.136	1007
937.645	1007
938.154	1006
938.663	1006
939.173	1005
939.682	1007
940.191	1007
940.7	1005
941.209	1004
941.718	1006
942.227	1008
942.736	1005
943.245	1002
943.754	1006
944.263	1005
944.772	1004
945.281	1002
945.79	1004
946.299	1006
946.807	1005
947.316	1006
947.825	1001
948.334	1004
948.843	1004
949.351	1002
949.86	1002
950.369	1003
950.877	1004
951.386	1005
951.894	1002
952.403	1003
952.911	1007
953.42	1002
953.929	1002
954.437	1008
954.945	1005
955.454	1004
955.962	1008
956.471	1002
956.979	1006
957.487	1003
957.996	1005
958.504	999
959.012	1002
959.52	1005
960.029	1005
960.537	1002
961.045	1006
961.553	1004
962.061	1001
962.569	1003
963.077	1005
963.585	1002
