432.895	999
433.423	998
433.95	998
434.478	1001
435.006	996
435.534	996
436.062	1000
436.589	997
437.117	995
437.645	997
438.172	1000
438.7	997
439.228	1000
439.756	999
440.283	999
440.811	997
441.338	997
441.866	1000
442.394	1002
442.921	1000
443.449	998
443.976	998
444.504	998
445.031	998
445.559	1000
446.086	997
446.614	998
447.141	997
447.669	999
448.196	996
448.724	995
449.251	997
449.778	998
450.306	1001
450.833	998
451.361	999
451.888	999
452.415	996
452.943	999
453.47	1000
453.997	997
454.524	1000
455.052	999
455.579	996
456.106	998
456.633	998
457.16	1000
457.688	999
458.215	999
458.742	999
459.269	997
459.796	997
460.323	999
460.85	997
461.377	996
461.904	999
462.431	997
462.958	998
463.485	1000
464.012	999
464.539	997
465.066	998
465.593	998
466.12	998
466.647	1000
467.174	996
467.701	998
468.228	1000
468.755	1000
469.282	1001
469.808	996
470.335	996
470.862	999
471.389	996
471.915	1000
472.442	996
472.969	998
473.496	996
474.022	998
474.549	999
475.076	999
475.602	998
476.129	999
476.656	998
477.182	1002
477.709	998
478.235	1000
478.762	1001
479.289	1000
479.815	1000
480.342	998
480.868	998
481.395	997
481.921	998
482.448	998
482.974	996
483.5	998
484.027	997
484.553	999
485.08	1001
485.606	999
486.132	998
486.659	999
487.185	999
487.711	999
488.238	997
488.764	997
489.29	999
489.816	1000
490.343	999
490.869	1000
491.395	998
491.921	999
492.447	999
492.973	1001
493.5	1000
494.026	1001
494.552	1000
495.078	998
495.604	1000
496.13	1001
496.656	997
497.182	1000
497.708	998
498.234	997
498.76	999
499.286	999
499.812	999
500.338	999
500.864	999
501.39	999
501.916	1000
502.441	999
502.967	1000
503.493	1001
504.019	1000
504.545	999
505.071	998
505.596	1002
506.122	1001
506.648	1000
507.174	996
507.699	1000
508.225	998
508.751	1000
509.276	1000
509.802	1002
510.328	1001
510.853	1000
511.379	1002
511.904	997
512.43	1001
512.955	999
513.481	1001
514.006	1003
514.532	999
515.057	1000
515.583	1003
516.108	1004
516.634	1000
517.159	1002
517.685	1001
518.21	1001
518.735	1007
519.261	1004
519.786	1004
520.311	1000
520.837	1007
521.362	1005
521.887	999
522.413	1002
522.938	1006
523.463	1003
523.988	1001
524.513	1006
525.039	1004
525.564	1005
526.089	1004
526.614	1003
527.139	1007
527.664	1011
528.189	1011
528.714	1002
529.24	1012
529.765	1009
530.29	1008
530.815	1010
531.34	1009
531.865	1013
532.389	1011
532.914	1015
533.439	1011
533.964	1015
534.489	1015
535.014	1011
535.539	1014
536.064	1019
536.588	1013
537.113	1020
537.638	1014
538.163	1020
538.688	1020
539.212	1014
539.737	1022
540.262	1020
540.786	1017
541.311	1019
541.836	1014
542.36	1022
542.885	1014
543.41	1017
543.934	1017
544.459	1018
544.983	1013
545.508	1018
546.032	1019
546.557	1016
547.081	1018
547.606	1017
548.13	1017
548.655	1022
549.179	1037
549.704	1020
550.228	1020
550.752	1018
551.277	1022
551.801	1024
552.325	1022
552.85	1025
553.374	1024
553.898	1028
554.423	1022
554.947	1021
555.471	1022
555.995	1024
556.519	1020
557.044	1021
557.568	1029
558.092	1024
558.616	1032
559.14	1027
559.664	1026
560.188	1031
560.712	1037
561.236	1038
561.76	1029
562.284	1038
562.808	1041
563.332	1036
563.856	1043
564.38	1044
564.904	1041
565.428	1049
565.952	1046
566.476	1051
567	1048
567.523	1053
568.047	1061
568.571	1045
569.095	1055
569.619	1060
570.142	1061
570.666	1058
571.19	1066
571.714	1050
572.237	1056
572.761	1066
573.285	1060
573.808	1067
574.332	1064
574.855	1063
575.379	1076
575.903	1052
576.426	1056
576.95	1068
577.473	1054
577.997	1058
578.52	1062
579.044	1063
579.567	1069
580.09	1060
580.614	1071
581.137	1057
581.661	1064
582.184	1065
582.707	1058
583.231	1046
583.754	1057
584.277	1059
584.8	1058
585.324	1051
585.847	1053
586.37	1044
586.893	1048
587.417	1046
587.94	1054
588.463	1050
588.986	1052
589.509	1049
590.032	1063
590.555	1046
591.078	1061
591.601	1058
592.124	1050
592.647	1054
593.17	1056
593.693	1063
594.216	1062
594.739	1064
595.262	1062
595.785	1060
596.308	1059
596.831	1054
597.354	1054
597.877	1053
598.399	1061
598.922	1054
599.445	1057
599.968	1073
600.49	1071
601.013	1064
601.536	1063
602.059	1067
602.581	1069
603.104	1079
603.627	1071
604.149	1074
604.672	1068
605.194	1078
605.717	1066
606.24	1071
606.762	1083
607.285	1089
607.807	1072
608.33	1082
608.852	1085
609.374	1090
609.897	1088
610.419	1090
610.942	1095
611.464	1099
611.986	1095
612.509	1095
613.031	1088
613.553	1108
614.076	1109
614.598	1111
615.12	1129
615.642	1110
616.165	1113
616.687	1118
617.209	1121
617.731	1116
618.253	1118
618.775	1127
619.297	1114
619.82	1104
620.342	1113
620.864	1115
621.386	1130
621.908	1114
622.43	1114
622.952	1114
623.474	1120
623.996	1113
624.518	1112
625.039	1120
625.561	1102
626.083	1114
626.605	1118
627.127	1104
627.649	1108
628.171	1105
628.692	1104
629.214	1104
629.736	1107
630.258	1104
630.779	1100
631.301	1107
631.823	1105
632.344	1092
632.866	1094
633.388	1099
633.909	1092
634.431	1086
634.952	1079
635.474	1098
635.995	1102
636.517	1086
637.038	1092
637.56	1090
638.081	1093
638.603	1088
639.124	1083
639.646	1095
640.167	1083
640.688	1085
641.21	1094
641.731	1100
642.252	1093
642.773	1098
643.295	1092
643.816	1094
644.337	1093
644.859	1093
645.38	1097
645.901	1097
646.422	1095
646.943	1091
647.464	1090
647.985	1088
648.506	1101
649.028	1085
649.549	1098
650.07	1105
650.591	1095
651.112	1099
651.633	1101
652.154	1101
652.674	1113
653.195	1105
653.716	1107
654.237	1106
654.758	1106
655.279	1111
655.8	1108
656.321	1107
656.841	1121
657.362	1114
657.883	1109
658.404	1128
658.924	1120
659.445	1138
659.966	1122
660.486	1134
661.007	1121
661.528	1132
662.048	1147
662.569	1133
663.089	1135
663.61	1137
664.13	1136
664.651	1147
665.171	1134
665.692	1140
666.212	1160
666.733	1151
667.253	1149
667.774	1157
668.294	1173
668.814	1174
669.335	1165
669.855	1151
670.375	1163
670.896	1172
671.416	1181
671.936	1175
672.456	1179
672.977	1170
673.497	1176
674.017	1168
674.537	1171
675.057	1181
675.577	1177
676.097	1160
676.617	1166
677.137	1161
677.657	1160
678.177	1160
678.698	1164
679.217	1170
679.737	1157
680.257	1154
680.777	1153
681.297	1159
681.817	1165
682.337	1157
682.857	1151
683.377	1145
683.896	1145
684.416	1140
684.936	1152
685.456	1157
685.975	1131
686.495	1157
687.015	1147
687.535	1136
688.054	1147
688.574	1132
689.093	1128
689.613	1146
690.133	1131
690.652	1134
691.172	1121
691.691	1140
692.211	1130
692.73	1141
693.25	1161
693.769	1136
694.289	1117
694.808	1128
695.327	1139
695.847	1115
696.366	1121
696.885	1129
697.405	1130
697.924	1127
698.443	1124
698.962	1126
699.482	1128
700.001	1128
700.52	1127
701.039	1129
701.558	1131
702.078	1128
702.597	1129
703.116	1124
703.635	1123
704.154	1123
704.673	1122
705.192	1133
705.711	1131
706.23	1135
706.749	1142
707.268	1138
707.787	1133
708.306	1121
708.824	1137
709.343	1123
709.862	1127
710.381	1136
710.9	1150
711.419	1142
711.937	1152
712.456	1138
712.975	1128
713.493	1144
714.012	1135
714.531	1155
715.049	1139
715.568	1142
716.087	1144
716.605	1168
717.124	1152
717.642	1153
718.161	1163
718.679	1156
719.198	1144
719.716	1153
720.235	1165
720.753	1170
721.272	1172
721.79	1170
722.308	1155
722.827	1173
723.345	1157
723.863	1181
724.382	1159
724.9	1175
725.418	1172
725.936	1184
726.455	1166
726.973	1195
727.491	1185
728.009	1181
728.527	1200
729.045	1199
729.563	1194
730.081	1191
730.599	1180
731.117	1189
731.635	1199
732.153	1203
732.671	1204
733.189	1210
733.707	1213
734.225	1201
734.743	1195
735.261	1205
735.779	1205
736.297	1231
736.814	1223
737.332	1212
737.85	1232
738.368	1199
738.885	1214
739.403	1197
739.921	1197
740.439	1221
740.956	1203
741.474	1198
741.991	1221
742.509	1202
743.027	1209
743.544	1210
744.062	1197
744.579	1196
745.097	1202
745.614	1199
746.131	1194
746.649	1192
747.166	1179
747.684	1172
748.201	1168
748.718	1167
749.236	1188
749.753	1172
750.27	1170
750.788	1169
751.305	1172
751.822	1184
752.339	1164
752.856	1160
753.374	1162
753.891	1168
754.408	1160
754.925	1156
755.442	1164
755.959	1148
756.476	1155
756.993	1155
757.51	1157
758.027	1152
758.544	1151
759.061	1150
759.578	1126
760.095	1172
760.612	1136
761.128	1149
761.645	1135
762.162	1146
762.679	1142
763.196	1139
763.712	1143
764.229	1139
764.746	1146
765.263	1134
765.779	1146
766.296	1135
766.812	1131
767.329	1126
767.846	1140
768.362	1133
768.879	1138
769.395	1124
769.912	1128
770.428	1149
770.945	1129
771.461	1129
771.978	1124
772.494	1140
773.01	1127
773.527	1135
774.043	1120
774.559	1138
775.076	1129
775.592	1116
776.108	1135
776.624	1123
777.141	1121
777.657	1119
778.173	1122
778.689	1122
779.205	1116
779.721	1131
780.237	1132
780.753	1128
781.27	1117
781.786	1120
782.302	1120
782.818	1115
783.333	1118
783.849	1120
784.365	1113
784.881	1118
785.397	1129
785.913	1125
786.429	1112
786.945	1110
787.46	1118
787.976	1134
788.492	1125
789.008	1132
789.523	1113
790.039	1133
790.555	1124
791.07	1130
791.586	1128
792.102	1127
792.617	1121
793.133	1136
793.648	1135
794.164	1125
794.679	1121
795.195	1119
795.71	1108
796.226	1117
796.741	1116
797.256	1140
797.772	1135
798.287	1119
798.802	1123
799.318	1109
799.833	1135
800.348	1133
800.864	1136
801.379	1131
801.894	1134
802.409	1138
802.924	1133
803.44	1127
803.955	1126
804.47	1136
804.985	1128
805.5	1133
806.015	1146
806.53	1143
807.045	1134
807.56	1136
808.075	1137
808.59	1137
809.105	1124
809.619	1134
810.134	1141
810.649	1128
811.164	1145
811.679	1129
812.194	1132
812.708	1137
813.223	1132
813.738	1141
814.252	1133
814.767	1136
815.282	1137
815.796	1143
816.311	1131
816.826	1131
817.34	1143
817.855	1130
818.369	1134
818.884	1122
819.398	1121
819.913	1135
820.427	1131
820.941	1129
821.456	1133
821.97	1130
822.484	1130
822.999	1121
823.513	1121
824.027	1115
824.542	1128
825.056	1123
825.57	1117
826.084	1109
826.598	1106
827.113	1117
827.627	1120
828.141	1105
828.655	1102
829.169	1103
829.683	1127
830.197	1116
830.711	1107
831.225	1112
831.739	1116
832.253	1097
832.767	1115
833.281	1100
833.795	1110
834.308	1101
834.822	1104
835.336	1095
835.85	1100
836.364	1109
836.877	1108
837.391	1095
837.905	1098
838.418	1089
838.932	1089
839.446	1099
839.959	1094
840.473	1105
840.986	1107
841.5	1096
842.013	1098
842.527	1093
843.04	1082
843.554	1119
844.067	1100
844.581	1093
845.094	1082
845.607	1096
846.121	1096
846.634	1096
847.147	1093
847.661	1078
848.174	1087
848.687	1100
849.2	1090
849.714	1079
850.227	1087
850.74	1085
851.253	1088
851.766	1082
852.279	1092
852.792	1089
853.305	1090
853.818	1088
854.331	1082
854.844	1095
855.357	1083
855.87	1089
856.383	1084
856.896	1089
857.409	1091
857.921	1084
858.434	1087
858.947	1107
859.46	1087
859.973	1088
860.485	1090
860.998	1087
861.511	1080
862.023	1081
862.536	1082
863.049	1086
863.561	1073
864.074	1079
864.586	1091
865.099	1086
865.611	1094
866.124	1083
866.636	1072
867.149	1083
867.661	1090
868.173	1090
868.686	1085
869.198	1094
869.71	1081
870.223	1078
870.735	1093
871.247	1088
871.759	1092
872.272	1081
872.784	1097
873.296	1100
873.808	1093
874.32	1096
874.832	1096
875.344	1101
875.856	1085
876.368	1093
876.88	1098
877.392	1097
877.904	1094
878.416	1105
878.928	1096
879.44	1100
879.952	1093
880.464	1094
880.976	1100
881.487	1097
881.999	1089
882.511	1098
883.023	1102
883.534	1097
884.046	1098
884.558	1108
885.069	1106
885.581	1105
886.093	1103
886.604	1102
887.116	1108
887.627	1095
888.139	1102
888.65	1085
889.162	1091
889.673	1092
890.185	1094
890.696	1110
891.207	1108
891.719	1126
892.23	1101
892.741	1097
893.253	1127
893.764	1107
894.275	1104
894.786	1107
895.297	1110
895.809	1121
896.32	1116
896.831	1126
897.342	1118
897.853	1110
898.364	1110
898.875	1114
899.386	1117
899.897	1126
900.408	1126
900.919	1106
901.43	1123
901.941	1110
902.451	1115
902.962	1112
903.473	1118
903.984	1122
904.495	1113
905.005	1109
905.516	1115
906.027	1115
906.538	1114
907.048	1102
907.559	1114
908.069	1098
908.58	1092
909.091	1066
909.601	1056
910.112	1045
910.622	1032
911.133	1019
911.643	1009
912.154	1008
912.664	1004
913.174	1002
913.685	1004
914.195	1000
914.705	1001
915.216	1002
915.726	998
916.236	1000
916.746	1001
917.256	1000
917.767	997
918.277	1001
918.787	998
919.297	1000
919.807	1000
920.317	999
920.827	1001
921.337	1001
921.847	1000
922.357	1000
922.867	1000
923.377	1001
923.887	1001
924.397	1000
924.906	999
925.416	999
925.926	998
926.436	999
926.946	999
927.455	999
927.965	1001
928.475	998
928.984	1000
929.494	1002
930.004	1001
930.513	997
931.023	1001
931.532	999
932.042	997
932.551	998
933.061	1003
933.57	1000
934.08	1001
934.589	1001
935.098	1001
935.608	1000
936.117	1000
936.626	999
937.136	1000
937.645	997
938.154	999
938.663	1000
939.173	1000
939.682	1001
940.191	1000
940.7	999
941.209	999
941.718	1001
942.227	1001
942.736	999
943.245	997
943.754	1001
944.263	999
944.772	999
945.281	1003
945.79	1000
946.299	998
946.807	998
947.316	1000
947.825	1001
948.334	1001
948.843	1000
949.351	1001
949.86	1000
950.369	997
950.877	1002
951.386	1001
951.894	998
952.403	1002
952.911	1003
953.42	1001
953.929	1001
954.437	1003
954.945	1001
955.454	1002
955.962	999
956.471	1003
956.979	1000
957.487	999
957.996	998
958.504	1002
959.012	999
959.52	999
960.029	1000
960.537	1001
961.045	998
961.553	1002
962.061	1000
962.569	1001
963.077	999
963.585	1001
