432.895	997
433.423	1000
433.95	998
434.478	1002
435.006	998
435.534	999
436.062	998
436.589	1000
437.117	1000
437.645	999
438.172	998
438.7	999
439.228	998
439.756	996
440.283	1000
440.811	998
441.338	1001
441.866	996
442.394	995
442.921	997
443.449	997
443.976	1000
444.504	998
445.031	1001
445.559	999
446.086	1000
446.614	999
447.141	1001
447.669	997
448.196	998
448.724	1000
449.251	997
449.778	1001
450.306	1000
450.833	1000
451.361	997
451.888	998
452.415	999
452.943	999
453.47	999
453.997	999
454.524	1000
455.052	999
455.579	996
456.106	996
456.633	1001
457.16	1000
457.688	997
458.215	998
458.742	998
459.269	999
459.796	997
460.323	999
460.85	999
461.377	1001
461.904	1001
462.431	1002
462.958	997
463.485	1000
464.012	1001
464.539	995
465.066	1000
465.593	999
466.12	997
466.647	1000
467.174	997
467.701	999
468.228	999
468.755	997
469.282	997
469.808	1000
470.335	997
470.862	998
471.389	999
471.915	1000
472.442	1000
472.969	1000
473.496	997
474.022	996
474.549	997
475.076	1000
475.602	998
476.129	999
476.656	1001
477.182	997
477.709	1002
478.235	998
478.762	999
479.289	994
479.815	998
480.342	997
480.868	1000
481.395	999
481.921	996
482.448	1001
482.974	999
483.5	997
484.027	999
484.553	999
485.08	999
485.606	1001
486.132	997
486.659	1000
487.185	997
487.711	997
488.238	997
488.764	1000
489.29	999
489.816	996
490.343	998
490.869	998
491.395	998
491.921	996
492.447	1000
492.973	999
493.5	999
494.026	997
494.552	996
495.078	998
495.604	997
496.13	997
496.656	997
497.182	1002
497.708	997
498.234	1000
498.76	999
499.286	1000
499.812	999
500.338	999
500.864	1002
501.39	1002
501.916	1002
502.441	1002
502.967	1000
503.493	998
504.019	1002
504.545	1000
505.071	1003
505.596	1004
506.122	997
506.648	1002
507.174	998
507.699	999
508.225	1000
508.751	1001
509.276	1000
509.802	1001
510.328	997
510.853	1001
511.379	999
511.904	1001
512.43	1000
512.955	999
513.481	1003
514.006	1000
514.532	1001
515.057	1001
515.583	1004
516.108	1000
516.634	1002
517.159	1001
517.685	1006
518.21	1002
518.735	1005
519.261	1002
519.786	1003
520.311	1001
520.837	1002
521.362	1004
521.887	1004
522.413	1003
522.938	1005
523.463	1005
523.988	1010
524.513	1001
525.039	1008
525.564	1010
526.089	1014
526.614	1009
527.139	1012
527.664	1017
528.189	1012
528.714	1010
529.24	1007
529.765	1010
530.29	1021
530.815	1015
531.34	1013
531.865	1015
532.389	1014
532.914	1020
533.439	1021
533.964	1014
534.489	1023
535.014	1021
535.539	1021
536.064	1023
536.588	1033
537.113	1024
537.638	1031
538.163	1031
538.688	1024
539.212	1024
539.737	1025
540.262	1024
540.786	1027
541.311	1023
541.836	1024
542.36	1029
542.885	1019
543.41	1023
543.934	1021
544.459	1030
544.983	1023
545.508	1031
546.032	1027
546.557	1022
547.081	1025
547.606	1025
548.13	1027
548.655	1022
549.179	1029
549.704	1021
550.228	1029
550.752	1029
551.277	1026
551.801	1027
552.325	1032
552.85	1032
553.374	1030
553.898	1034
554.423	1033
554.947	1031
555.471	1025
555.995	1031
556.519	1033
557.044	1044
557.568	1035
558.092	1043
558.616	1036
559.14	1032
559.664	1046
560.188	1046
560.712	1042
561.236	1041
561.76	1041
562.284	1051
562.808	1045
563.332	1048
563.856	1050
564.38	1045
564.904	1052
565.428	1051
565.952	1054
566.476	1065
567	1058
567.523	1063
568.047	1058
568.571	1070
569.095	1072
569.619	1071
570.142	1081
570.666	1077
571.19	1075
571.714	1075
572.237	1080
572.761	1075
573.285	1079
573.808	1076
574.332	1073
574.855	1079
575.379	1072
575.903	1078
576.426	1078
576.95	1074
577.473	1073
577.997	1079
578.52	1077
579.044	1075
579.567	1077
580.09	1071
580.614	1065
581.137	1066
581.661	1074
582.184	1074
582.707	1068
583.231	1063
583.754	1073
584.277	1064
584.8	1062
585.324	1070
585.847	1065
586.37	1067
586.893	1070
587.417	1058
587.94	1069
588.463	1057
588.986	1066
589.509	1065
590.032	1057
590.555	1067
591.078	1064
591.601	1064
592.124	1057
592.647	1061
593.17	1065
593.693	1060
594.216	1071
594.739	1066
595.262	1069
595.785	1072
596.308	1069
596.831	1068
597.354	1067
597.877	1064
598.399	1073
598.922	1070
599.445	1071
599.968	1073
600.49	1061
601.013	1080
601.536	1078
602.059	1070
602.581	1075
603.104	1076
603.627	1076
604.149	1086
604.672	1073
605.194	1084
605.717	1078
606.24	1073
606.762	1095
607.285	1085
607.807	1085
608.33	1087
608.852	1085
609.374	1090
609.897	1092
610.419	1085
610.942	1106
611.464	1105
611.986	1101
612.509	1099
613.031	1102
613.553	1107
614.076	1107
614.598	1118
615.12	1110
615.642	1103
616.165	1107
616.687	1110
617.209	1120
617.731	1126
618.253	1108
618.775	1102
619.297	1115
619.82	1119
620.342	1125
620.864	1116
621.386	1121
621.908	1120
622.43	1100
622.952	1112
623.474	1107
623.996	1119
624.518	1120
625.039	1103
625.561	1110
626.083	1100
626.605	1107
627.127	1102
627.649	1109
628.171	1108
628.692	1100
629.214	1088
629.736	1096
630.258	1096
630.779	1088
631.301	1103
631.823	1090
632.344	1103
632.866	1075
633.388	1084
633.909	1090
634.431	1077
634.952	1082
635.474	1075
635.995	1083
636.517	1075
637.038	1074
637.56	1085
638.081	1094
638.603	1084
639.124	1088
639.646	1079
640.167	1078
640.688	1078
641.21	1085
641.731	1083
642.252	1079
642.773	1086
643.295	1072
643.816	1074
644.337	1095
644.859	1093
645.38	1085
645.901	1079
646.422	1089
646.943	1082
647.464	1095
647.985	1094
648.506	1097
649.028	1095
649.549	1092
650.07	1083
650.591	1092
651.112	1072
651.633	1096
652.154	1091
652.674	1095
653.195	1094
653.716	1097
654.237	1098
654.758	1096
655.279	1086
655.8	1099
656.321	1110
656.841	1095
657.362	1104
657.883	1109
658.404	1111
658.924	1103
659.445	1119
659.966	1109
660.486	1126
661.007	1120
661.528	1119
662.048	1122
662.569	1111
663.089	1123
663.61	1130
664.13	1120
664.651	1124
665.171	1128
665.692	1142
666.212	1142
666.733	1136
667.253	1145
667.774	1137
668.294	1144
668.814	1149
669.335	1146
669.855	1160
670.375	1138
670.896	1147
671.416	1165
671.936	1152
672.456	1147
672.977	1141
673.497	1157
674.017	1151
674.537	1150
675.057	1167
675.577	1160
676.097	1140
676.617	1140
677.137	1151
677.657	1143
678.177	1141
678.698	1139
679.217	1138
679.737	1129
680.257	1149
680.777	1139
681.297	1142
681.817	1128
682.337	1140
682.857	1125
683.377	1130
683.896	1120
684.416	1113
684.936	1125
685.456	1119
685.975	1117
686.495	1124
687.015	1122
687.535	1120
688.054	1121
688.574	1117
689.093	1112
689.613	1104
690.133	1117
690.652	1102
691.172	1106
691.691	1120
692.211	1122
692.73	1118
693.25	1108
693.769	1117
694.289	1104
694.808	1108
695.327	1106
695.847	1097
696.366	1118
696.885	1114
697.405	1100
697.924	1104
698.443	1093
698.962	1102
699.482	1106
700.001	1100
700.52	1114
701.039	1096
701.558	1110
702.078	1107
702.597	1111
703.116	1091
703.635	1100
704.154	1109
704.673	1096
705.192	1116
705.711	1106
706.23	1106
706.749	1107
707.268	1106
707.787	1121
708.306	1110
708.824	1104
709.343	1109
709.862	1117
710.381	1097
710.9	1123
711.419	1119
711.937	1103
712.456	1109
712.975	1101
713.493	1125
714.012	1118
714.531	1114
715.049	1113
715.568	1112
716.087	1121
716.605	1121
717.124	1131
717.642	1124
718.161	1117
718.679	1151
719.198	1132
719.716	1129
720.235	1140
720.753	1115
721.272	1129
721.79	1123
722.308	1118
722.827	1134
723.345	1144
723.863	1141
724.382	1132
724.9	1141
725.418	1130
725.936	1154
726.455	1142
726.973	1143
727.491	1156
728.009	1162
728.527	1157
729.045	1160
729.563	1156
730.081	1154
730.599	1156
731.117	1172
731.635	1171
732.153	1164
732.671	1161
733.189	1167
733.707	1153
734.225	1171
734.743	1151
735.261	1154
735.779	1172
736.297	1184
736.814	1173
737.332	1161
737.85	1164
738.368	1176
738.885	1174
739.403	1169
739.921	1172
740.439	1171
740.956	1160
741.474	1173
741.991	1152
742.509	1168
743.027	1173
743.544	1162
744.062	1163
744.579	1174
745.097	1143
745.614	1150
746.131	1153
746.649	1148
747.166	1143
747.684	1132
748.201	1156
748.718	1141
749.236	1135
749.753	1137
750.27	1135
750.788	1138
751.305	1126
751.822	1130
752.339	1130
752.856	1142
753.374	1135
753.891	1142
754.408	1130
754.925	1135
755.442	1129
755.959	1123
756.476	1125
756.993	1133
757.51	1129
758.027	1127
758.544	1119
759.061	1129
759.578	1109
760.095	1133
760.612	1110
761.128	1117
761.645	1117
762.162	1125
762.679	1112
763.196	1108
763.712	1109
764.229	1112
764.746	1111
765.263	1107
765.779	1099
766.296	1109
766.812	1099
767.329	1108
767.846	1097
768.362	1104
768.879	1098
769.395	1093
769.912	1098
770.428	1102
770.945	1101
771.461	1088
771.978	1098
772.494	1106
773.01	1087
773.527	1092
774.043	1092
774.559	1095
775.076	1104
775.592	1099
776.108	1091
776.624	1095
777.141	1096
777.657	1096
778.173	1102
778.689	1087
779.205	1089
779.721	1093
780.237	1109
780.753	1098
781.27	1109
781.786	1096
782.302	1093
782.818	1106
783.333	1096
783.849	1103
784.365	1106
784.881	1100
785.397	1085
785.913	1104
786.429	1094
786.945	1091
787.46	1098
787.976	1104
788.492	1105
789.008	1101
789.523	1092
790.039	1093
790.555	1108
791.07	1097
791.586	1094
792.102	1099
792.617	1101
793.133	1104
793.648	1099
794.164	1093
794.679	1088
795.195	1102
795.71	1097
796.226	1094
796.741	1097
797.256	1084
797.772	1091
798.287	1101
798.802	1094
799.318	1090
799.833	1106
800.348	1100
800.864	1091
801.379	1104
801.894	1109
802.409	1102
802.924	1113
803.44	1113
803.955	1104
804.47	1112
804.985	1116
805.5	1117
806.015	1113
806.53	1109
807.045	1113
807.56	1092
808.075	1100
808.59	1107
809.105	1097
809.619	1099
810.134	1110
810.649	1096
811.164	1109
811.679	1103
812.194	1090
812.708	1108
813.223	1106
813.738	1103
814.252	1100
814.767	1099
815.282	1108
815.796	1093
816.311	1102
816.826	1097
817.34	1110
817.855	1104
818.369	1093
818.884	1097
819.398	1103
819.913	1113
820.427	1093
820.941	1091
821.456	1095
821.97	1106
822.484	1104
822.999	1100
823.513	1100
824.027	1088
824.542	1093
825.056	1106
825.57	1090
826.084	1085
826.598	1092
827.113	1083
827.627	1090
828.141	1075
828.655	1094
829.169	1089
829.683	1078
830.197	1085
830.711	1078
831.225	1070
831.739	1073
832.253	1083
832.767	1075
833.281	1075
833.795	1076
834.308	1084
834.822	1075
835.336	1069
835.85	1076
836.364	1078
836.877	1069
837.391	1069
837.905	1077
838.418	1068
838.932	1077
839.446	1077
839.959	1080
840.473	1076
840.986	1084
841.5	1064
842.013	1072
842.527	1080
843.04	1077
843.554	1082
844.067	1065
844.581	1075
845.094	1069
845.607	1072
846.121	1071
846.634	1064
847.147	1078
847.661	1060
848.174	1067
848.687	1064
849.2	1067
849.714	1060
850.227	1068
850.74	1058
851.253	1063
851.766	1063
852.279	1064
852.792	1074
853.305	1068
853.818	1066
854.331	1068
854.844	1057
855.357	1066
855.87	1064
856.383	1064
856.896	1062
857.409	1067
857.921	1070
858.434	1075
858.947	1064
859.46	1072
859.973	1075
860.485	1078
860.998	1072
861.511	1063
862.023	1069
862.536	1068
863.049	1072
863.561	1070
864.074	1069
864.586	1074
865.099	1065
865.611	1073
866.124	1076
866.636	1076
867.149	1058
867.661	1059
868.173	1058
868.686	1078
869.198	1076
869.71	1067
870.223	1067
870.735	1070
871.247	1071
871.759	1071
872.272	1078
872.784	1071
873.296	1085
873.808	1079
874.32	1068
874.832	1075
875.344	1072
875.856	1080
876.368	1075
876.88	1069
877.392	1058
877.904	1076
878.416	1074
878.928	1072
879.44	1064
879.952	1076
880.464	1073
880.976	1079
881.487	1089
881.999	1079
882.511	1076
883.023	1083
883.534	1072
884.046	1082
884.558	1072
885.069	1090
885.581	1076
886.093	1066
886.604	1074
887.116	1075
887.627	1074
888.139	1071
888.65	1072
889.162	1077
889.673	1066
890.185	1081
890.696	1091
891.207	1082
891.719	1087
892.23	1078
892.741	1084
893.253	1090
893.764	1076
894.275	1076
894.786	1077
895.297	1086
895.809	1096
896.32	1075
896.831	1087
897.342	1082
897.853	1090
898.364	1086
898.875	1093
899.386	1095
899.897	1097
900.408	1085
900.919	1084
901.43	1095
901.941	1082
902.451	1095
902.962	1095
903.473	1096
903.984	1090
904.495	1091
905.005	1087
905.516	1083
906.027	1091
906.538	1084
907.048	1073
907.559	1074
908.069	1074
908.58	1058
909.091	1054
909.601	1043
910.112	1040
910.622	1019
911.133	1010
911.643	1012
912.154	1008
912.664	1008
913.174	1004
913.685	1003
914.195	1000
914.705	1003
915.216	1001
915.726	1001
916.236	1000
916.746	1001
917.256	1001
917.767	1003
918.277	1000
918.787	1001
919.297	1002
919.807	1001
920.317	1000
920.827	1001
921.337	1001
921.847	1000
922.357	1002
922.867	999
923.377	1000
923.887	999
924.397	999
924.906	1001
925.416	1001
925.926	1001
926.436	1004
926.946	1001
927.455	999
927.965	1000
928.475	1000
928.984	1002
929.494	1001
930.004	1001
930.513	999
931.023	1000
931.532	1000
932.042	998
932.551	1002
933.061	1005
933.57	1000
934.08	1000
934.589	998
935.098	1001
935.608	1000
936.117	999
936.626	999
937.136	1000
937.645	1000
938.154	1000
938.663	1001
939.173	1000
939.682	999
940.191	1001
940.7	1001
941.209	998
941.718	999
942.227	1001
942.736	999
943.245	1000
943.754	998
944.263	1000
944.772	1000
945.281	1001
945.79	1003
946.299	997
946.807	1002
947.316	1004
947.825	1003
948.334	999
948.843	1000
949.351	998
949.86	1002
950.369	1002
950.877	1002
951.386	1003
951.894	1001
952.403	1002
952.911	1004
953.42	1001
953.929	1005
954.437	1002
954.945	1003
955.454	1003
955.962	999
956.471	1001
956.979	1001
957.487	1000
957.996	998
958.504	1001
959.012	999
959.52	1002
960.029	999
960.537	999
961.045	1005
961.553	1002
962.061	999
962.569	999
963.077	999
963.585	1001
