432.895	997
433.423	1000
433.95	997
434.478	999
435.006	1001
435.534	998
436.062	996
436.589	997
437.117	995
437.645	997
438.172	996
438.7	997
439.228	998
439.756	998
440.283	994
440.811	998
441.338	996
441.866	997
442.394	997
442.921	999
443.449	997
443.976	994
444.504	997
445.031	1002
445.559	998
446.086	1001
446.614	999
447.141	999
447.669	1001
448.196	997
448.724	998
449.251	1001
449.778	999
450.306	999
450.833	999
451.361	999
451.888	999
452.415	998
452.943	1001
453.47	996
453.997	1001
454.524	998
455.052	998
455.579	1000
456.106	998
456.633	998
457.16	998
457.688	997
458.215	997
458.742	996
459.269	999
459.796	998
460.323	998
460.85	997
461.377	998
461.904	1000
462.431	999
462.958	999
463.485	999
464.012	1000
464.539	997
465.066	998
465.593	998
466.12	1000
466.647	999
467.174	999
467.701	999
468.228	998
468.755	997
469.282	999
469.808	999
470.335	1000
470.862	1000
471.389	1000
471.915	999
472.442	997
472.969	998
473.496	1000
474.022	997
474.549	1001
475.076	996
475.602	997
476.129	999
476.656	1001
477.182	999
477.709	1003
478.235	1000
478.762	998
479.289	999
479.815	998
480.342	996
480.868	998
481.395	996
481.921	1001
482.448	997
482.974	998
483.5	999
484.027	1000
484.553	996
485.08	997
485.606	997
486.132	999
486.659	994
487.185	999
487.711	998
488.238	998
488.764	996
489.29	996
489.816	999
490.343	996
490.869	997
491.395	998
491.921	999
492.447	998
492.973	999
493.5	999
494.026	998
494.552	996
495.078	999
495.604	1001
496.13	998
496.656	999
497.182	996
497.708	998
498.234	996
498.76	1000
499.286	1000
499.812	999
500.338	998
500.864	999
501.39	999
501.916	1001
502.441	1002
502.967	1001
503.493	998
504.019	1005
504.545	1004
505.071	1002
505.596	999
506.122	1002
506.648	1000
507.174	1002
507.699	1003
508.225	1001
508.751	1000
509.276	1001
509.802	1003
510.328	999
510.853	1003
511.379	1004
511.904	1003
512.43	1009
512.955	1005
513.481	1005
514.006	1002
514.532	1004
515.057	1003
515.583	1011
516.108	1006
516.634	1006
517.159	1010
517.685	1008
518.21	1007
518.735	1006
519.261	1011
519.786	1013
520.311	1007
520.837	1008
521.362	1009
521.887	1009
522.413	1007
522.938	1010
523.463	1010
523.988	1010
524.513	1012
525.039	1010
525.564	1013
526.089	1007
526.614	1011
527.139	1013
527.664	1009
528.189	1011
528.714	1012
529.24	1020
529.765	1020
530.29	1014
530.815	1011
531.34	1017
531.865	1015
532.389	1018
532.914	1011
533.439	1009
533.964	1020
534.489	1019
535.014	1014
535.539	1018
536.064	1017
536.588	1022
537.113	1024
537.638	1024
538.163	1025
538.688	1032
539.212	1027
539.737	1024
540.262	1029
540.786	1029
541.311	1026
541.836	1039
542.36	1034
542.885	1036
543.41	1037
543.934	1041
544.459	1037
544.983	1039
545.508	1044
546.032	1045
546.557	1052
547.081	1050
547.606	1036
548.13	1047
548.655	1034
549.179	1054
549.704	1043
550.228	1060
550.752	1060
551.277	1051
551.801	1064
552.325	1062
552.85	1064
553.374	1055
553.898	1063
554.423	1062
554.947	1061
555.471	1066
555.995	1062
556.519	1071
557.044	1082
557.568	1077
558.092	1083
558.616	1081
559.14	1097
559.664	1081
560.188	1095
560.712	1088
561.236	1088
561.76	1081
562.284	1091
562.808	1091
563.332	1106
563.856	1102
564.38	1105
564.904	1109
565.428	1117
565.952	1107
566.476	1123
567	1115
567.523	1113
568.047	1123
568.571	1121
569.095	1118
569.619	1125
570.142	1140
570.666	1133
571.19	1144
571.714	1140
572.237	1155
572.761	1148
573.285	1156
573.808	1147
574.332	1163
574.855	1161
575.379	1157
575.903	1164
576.426	1174
576.95	1177
577.473	1192
577.997	1195
578.52	1179
579.044	1204
579.567	1190
580.09	1190
580.614	1195
581.137	1211
581.661	1212
582.184	1205
582.707	1224
583.231	1218
583.754	1221
584.277	1219
584.8	1213
585.324	1229
585.847	1241
586.37	1242
586.893	1243
587.417	1260
587.94	1261
588.463	1252
588.986	1259
589.509	1265
590.032	1277
590.555	1272
591.078	1269
591.601	1296
592.124	1280
592.647	1301
593.17	1276
593.693	1297
594.216	1293
594.739	1292
595.262	1303
595.785	1304
596.308	1343
596.831	1319
597.354	1307
597.877	1328
598.399	1341
598.922	1335
599.445	1342
599.968	1320
600.49	1356
601.013	1360
601.536	1364
602.059	1366
602.581	1353
603.104	1383
603.627	1351
604.149	1366
604.672	1387
605.194	1374
605.717	1381
606.24	1387
606.762	1408
607.285	1383
607.807	1403
608.33	1420
608.852	1400
609.374	1423
609.897	1413
610.419	1413
610.942	1420
611.464	1418
611.986	1425
612.509	1445
613.031	1431
613.553	1410
614.076	1405
614.598	1449
615.12	1444
615.642	1438
616.165	1445
616.687	1452
617.209	1469
617.731	1458
618.253	1460
618.775	1445
619.297	1485
619.82	1464
620.342	1500
620.864	1469
621.386	1519
621.908	1485
622.43	1473
622.952	1496
623.474	1489
623.996	1499
624.518	1506
625.039	1520
625.561	1493
626.083	1500
626.605	1489
627.127	1523
627.649	1512
628.171	1558
628.692	1545
629.214	1547
629.736	1558
630.258	1513
630.779	1527
631.301	1520
631.823	1541
632.344	1525
632.866	1544
633.388	1522
633.909	1555
634.431	1565
634.952	1558
635.474	1562
635.995	1552
636.517	1570
637.038	1582
637.56	1580
638.081	1580
638.603	1615
639.124	1606
639.646	1607
640.167	1600
640.688	1595
641.21	1577
641.731	1621
642.252	1600
642.773	1620
643.295	1612
643.816	1589
644.337	1623
644.859	1621
645.38	1620
645.901	1636
646.422	1609
646.943	1652
647.464	1659
647.985	1659
648.506	1628
649.028	1637
649.549	1644
650.07	1671
650.591	1634
651.112	1654
651.633	1661
652.154	1667
652.674	1657
653.195	1653
653.716	1687
654.237	1672
654.758	1681
655.279	1653
655.8	1686
656.321	1670
656.841	1686
657.362	1701
657.883	1680
658.404	1664
658.924	1686
659.445	1685
659.966	1672
660.486	1712
661.007	1692
661.528	1694
662.048	1702
662.569	1728
663.089	1665
663.61	1677
664.13	1685
664.651	1683
665.171	1695
665.692	1699
666.212	1688
666.733	1693
667.253	1697
667.774	1719
668.294	1730
668.814	1716
669.335	1725
669.855	1689
670.375	1732
670.896	1750
671.416	1733
671.936	1706
672.456	1740
672.977	1708
673.497	1742
674.017	1753
674.537	1748
675.057	1734
675.577	1750
676.097	1713
676.617	1741
677.137	1751
677.657	1744
678.177	1724
678.698	1739
679.217	1761
679.737	1735
680.257	1737
680.777	1744
681.297	1704
681.817	1767
682.337	1750
682.857	1755
683.377	1726
683.896	1744
684.416	1757
684.936	1743
685.456	1784
685.975	1783
686.495	1774
687.015	1773
687.535	1771
688.054	1749
688.574	1779
689.093	1767
689.613	1772
690.133	1759
690.652	1779
691.172	1790
691.691	1814
692.211	1819
692.73	1818
693.25	1810
693.769	1792
694.289	1818
694.808	1812
695.327	1850
695.847	1792
696.366	1794
696.885	1793
697.405	1788
697.924	1808
698.443	1804
698.962	1819
699.482	1786
700.001	1817
700.52	1832
701.039	1835
701.558	1855
702.078	1856
702.597	1864
703.116	1815
703.635	1827
704.154	1802
704.673	1834
705.192	1862
705.711	1836
706.23	1828
706.749	1840
707.268	1848
707.787	1844
708.306	1822
708.824	1847
709.343	1868
709.862	1832
710.381	1848
710.9	1873
711.419	1828
711.937	1900
712.456	1860
712.975	1880
713.493	1883
714.012	1868
714.531	1925
715.049	1890
715.568	1892
716.087	1914
716.605	1902
717.124	1875
717.642	1907
718.161	1902
718.679	1887
719.198	1858
719.716	1871
720.235	1874
720.753	1893
721.272	1888
721.79	1907
722.308	1906
722.827	1884
723.345	1924
723.863	1921
724.382	1919
724.9	1932
725.418	1929
725.936	1874
726.455	1899
726.973	1922
727.491	1846
728.009	1896
728.527	1893
729.045	1903
729.563	1879
730.081	1889
730.599	1930
731.117	1950
731.635	1882
732.153	1888
732.671	1879
733.189	1901
733.707	1879
734.225	1899
734.743	1866
735.261	1914
735.779	1909
736.297	1911
736.814	1930
737.332	1881
737.85	1961
738.368	1923
738.885	1899
739.403	1878
739.921	1896
740.439	1920
740.956	1937
741.474	1888
741.991	1919
742.509	1897
743.027	1908
743.544	1907
744.062	1889
744.579	1931
745.097	1888
745.614	1881
746.131	1927
746.649	1927
747.166	1894
747.684	1892
748.201	1880
748.718	1904
749.236	1888
749.753	1878
750.27	1873
750.788	1890
751.305	1889
751.822	1890
752.339	1910
752.856	1919
753.374	1875
753.891	1891
754.408	1896
754.925	1919
755.442	1873
755.959	1891
756.476	1868
756.993	1856
757.51	1868
758.027	1859
758.544	1876
759.061	1891
759.578	1858
760.095	1882
760.612	1845
761.128	1883
761.645	1882
762.162	1880
762.679	1887
763.196	1871
763.712	1883
764.229	1861
764.746	1916
765.263	1880
765.779	1879
766.296	1873
766.812	1862
767.329	1865
767.846	1866
768.362	1856
768.879	1884
769.395	1881
769.912	1874
770.428	1877
770.945	1889
771.461	1930
771.978	1879
772.494	1855
773.01	1851
773.527	1879
774.043	1840
774.559	1892
775.076	1860
775.592	1892
776.108	1858
776.624	1859
777.141	1863
777.657	1841
778.173	1794
778.689	1820
779.205	1849
779.721	1840
780.237	1845
780.753	1806
781.27	1803
781.786	1814
782.302	1809
782.818	1848
783.333	1812
783.849	1810
784.365	1811
784.881	1813
785.397	1807
785.913	1803
786.429	1782
786.945	1786
787.46	1817
787.976	1824
788.492	1806
789.008	1765
789.523	1795
790.039	1798
790.555	1769
791.07	1775
791.586	1784
792.102	1764
792.617	1746
793.133	1786
793.648	1755
794.164	1771
794.679	1793
795.195	1805
795.71	1779
796.226	1766
796.741	1752
797.256	1743
797.772	1751
798.287	1736
798.802	1745
799.318	1717
799.833	1726
800.348	1734
800.864	1700
801.379	1730
801.894	1725
802.409	1717
802.924	1715
803.44	1738
803.955	1717
804.47	1784
804.985	1734
805.5	1756
806.015	1726
806.53	1732
807.045	1755
807.56	1700
808.075	1734
808.59	1718
809.105	1714
809.619	1713
810.134	1710
810.649	1699
811.164	1710
811.679	1680
812.194	1684
812.708	1676
813.223	1712
813.738	1677
814.252	1711
814.767	1671
815.282	1706
815.796	1684
816.311	1672
816.826	1696
817.34	1672
817.855	1712
818.369	1701
818.884	1695
819.398	1745
819.913	1697
820.427	1696
820.941	1709
821.456	1693
821.97	1692
822.484	1687
822.999	1689
823.513	1683
824.027	1687
824.542	1690
825.056	1704
825.57	1709
826.084	1694
826.598	1715
827.113	1691
827.627	1646
828.141	1692
828.655	1712
829.169	1719
829.683	1707
830.197	1688
830.711	1679
831.225	1696
831.739	1661
832.253	1719
832.767	1692
833.281	1702
833.795	1721
834.308	1682
834.822	1709
835.336	1698
835.85	1698
836.364	1724
836.877	1672
837.391	1688
837.905	1687
838.418	1648
838.932	1695
839.446	1691
839.959	1668
840.473	1649
840.986	1665
841.5	1681
842.013	1663
842.527	1696
843.04	1659
843.554	1672
844.067	1706
844.581	1687
845.094	1678
845.607	1692
846.121	1666
846.634	1672
847.147	1714
847.661	1692
848.174	1682
848.687	1684
849.2	1703
849.714	1671
850.227	1698
850.74	1655
851.253	1685
851.766	1716
852.279	1714
852.792	1698
853.305	1675
853.818	1683
854.331	1680
854.844	1681
855.357	1708
855.87	1693
856.383	1695
856.896	1708
857.409	1708
857.921	1688
858.434	1701
858.947	1716
859.46	1699
859.973	1685
860.485	1695
860.998	1713
861.511	1711
862.023	1703
862.536	1693
863.049	1691
863.561	1689
864.074	1682
864.586	1705
865.099	1714
865.611	1698
866.124	1673
866.636	1692
867.149	1720
867.661	1694
868.173	1693
868.686	1650
869.198	1679
869.71	1661
870.223	1687
870.735	1687
871.247	1685
871.759	1673
872.272	1665
872.784	1692
873.296	1670
873.808	1689
874.32	1679
874.832	1686
875.344	1710
875.856	1703
876.368	1698
876.88	1717
877.392	1731
877.904	1705
878.416	1715
878.928	1689
879.44	1711
879.952	1671
880.464	1653
880.976	1745
881.487	1702
881.999	1696
882.511	1674
883.023	1691
883.534	1642
884.046	1684
884.558	1699
885.069	1695
885.581	1679
886.093	1721
886.604	1676
887.116	1673
887.627	1683
888.139	1688
888.65	1669
889.162	1688
889.673	1664
890.185	1670
890.696	1693
891.207	1665
891.719	1654
892.23	1695
892.741	1680
893.253	1679
893.764	1661
894.275	1626
894.786	1666
895.297	1676
895.809	1650
896.32	1642
896.831	1692
897.342	1628
897.853	1643
898.364	1645
898.875	1650
899.386	1648
899.897	1657
900.408	1651
900.919	1645
901.43	1637
901.941	1624
902.451	1644
902.962	1631
903.473	1675
903.984	1650
904.495	1646
905.005	1640
905.516	1618
906.027	1602
906.538	1591
907.048	1588
907.559	1604
908.069	1579
908.58	1515
909.091	1479
909.601	1408
910.112	1301
910.622	1201
911.133	1136
911.643	1084
912.154	1047
912.664	1028
913.174	1015
913.685	1009
914.195	1007
914.705	1005
915.216	1006
915.726	1004
916.236	998
916.746	1009
917.256	1000
917.767	1005
918.277	1000
918.787	1001
919.297	1002
919.807	1002
920.317	1000
920.827	1003
921.337	999
921.847	998
922.357	1003
922.867	998
923.377	1000
923.887	1003
924.397	999
924.906	1001
925.416	1002
925.926	1004
926.436	998
926.946	999
927.455	1000
927.965	1002
928.475	1000
928.984	999
929.494	1001
930.004	999
930.513	999
931.023	1001
931.532	999
932.042	1001
932.551	1003
933.061	998
933.57	998
934.08	1002
934.589	998
935.098	1000
935.608	1002
936.117	999
936.626	1002
937.136	1001
937.645	1000
938.154	1001
938.663	999
939.173	1002
939.682	1001
940.191	1001
940.7	1002
941.209	999
941.718	998
942.227	1000
942.736	1000
943.245	1000
943.754	1000
944.263	1001
944.772	998
945.281	999
945.79	1005
946.299	1001
946.807	997
947.316	999
947.825	1000
948.334	1000
948.843	997
949.351	999
949.86	998
950.369	1001
950.877	998
951.386	999
951.894	1000
952.403	999
952.911	998
953.42	1001
953.929	1001
954.437	1000
954.945	1000
955.454	1000
955.962	999
956.471	998
956.979	1000
957.487	1000
957.996	1001
958.504	999
959.012	996
959.52	1005
960.029	1003
960.537	998
961.045	1000
961.553	998
962.061	1000
962.569	999
963.077	999
963.585	998
