432.895	996
433.423	1001
433.95	998
434.478	1000
435.006	999
435.534	1000
436.062	998
436.589	1000
437.117	997
437.645	999
438.172	999
438.7	999
439.228	1000
439.756	1000
440.283	1002
440.811	999
441.338	1000
441.866	1001
442.394	999
442.921	998
443.449	999
443.976	999
444.504	1001
445.031	1001
445.559	1000
446.086	999
446.614	999
447.141	1002
447.669	999
448.196	1003
448.724	999
449.251	1001
449.778	998
450.306	1000
450.833	997
451.361	1001
451.888	997
452.415	1001
452.943	1000
453.47	997
453.997	998
454.524	999
455.052	999
455.579	1000
456.106	1000
456.633	997
457.16	1002
457.688	999
458.215	999
458.742	998
459.269	1000
459.796	1000
460.323	998
460.85	1001
461.377	1001
461.904	999
462.431	999
462.958	1001
463.485	999
464.012	1001
464.539	999
465.066	1001
465.593	1000
466.12	1001
466.647	1000
467.174	1002
467.701	1000
468.228	1001
468.755	1000
469.282	1001
469.808	1000
470.335	1000
470.862	997
471.389	1002
471.915	1001
472.442	1003
472.969	999
473.496	1000
474.022	999
474.549	1000
475.076	996
475.602	1001
476.129	1001
476.656	999
477.182	999
477.709	1005
478.235	998
478.762	1001
479.289	999
479.815	998
480.342	998
480.868	1001
481.395	1002
481.921	1000
482.448	1000
482.974	1001
483.5	997
484.027	999
484.553	1002
485.08	999
485.606	1001
486.132	1002
486.659	999
487.185	1001
487.711	999
488.238	1000
488.764	999
489.29	999
489.816	999
490.343	1001
490.869	1001
491.395	1000
491.921	999
492.447	999
492.973	1000
493.5	1000
494.026	1000
494.552	999
495.078	999
495.604	1001
496.13	1000
496.656	1000
497.182	1001
497.708	1001
498.234	1001
498.76	999
499.286	1002
499.812	1003
500.338	1003
500.864	1005
501.39	1008
501.916	1007
502.441	1006
502.967	1002
503.493	1005
504.019	1006
504.545	1005
505.071	1006
505.596	1005
506.122	1000
506.648	1008
507.174	1007
507.699	1003
508.225	1005
508.751	1008
509.276	1004
509.802	1006
510.328	1005
510.853	1007
511.379	1010
511.904	1008
512.43	1004
512.955	1006
513.481	1004
514.006	1007
514.532	1007
515.057	1010
515.583	1009
516.108	1008
516.634	1014
517.159	1009
517.685	1010
518.21	1011
518.735	1012
519.261	1011
519.786	1012
520.311	1005
520.837	1014
521.362	1020
521.887	1011
522.413	1015
522.938	1014
523.463	1017
523.988	1018
524.513	1012
525.039	1016
525.564	1025
526.089	1026
526.614	1024
527.139	1021
527.664	1027
528.189	1031
528.714	1026
529.24	1030
529.765	1037
530.29	1039
530.815	1035
531.34	1039
531.865	1037
532.389	1033
532.914	1034
533.439	1045
533.964	1047
534.489	1045
535.014	1053
535.539	1057
536.064	1063
536.588	1064
537.113	1065
537.638	1064
538.163	1062
538.688	1059
539.212	1072
539.737	1064
540.262	1061
540.786	1060
541.311	1057
541.836	1066
542.36	1074
542.885	1077
543.41	1076
543.934	1079
544.459	1079
544.983	1075
545.508	1076
546.032	1077
546.557	1077
547.081	1074
547.606	1079
548.13	1103
548.655	1085
549.179	1079
549.704	1085
550.228	1077
550.752	1096
551.277	1090
551.801	1098
552.325	1088
552.85	1100
553.374	1100
553.898	1104
554.423	1098
554.947	1116
555.471	1114
555.995	1113
556.519	1119
557.044	1130
557.568	1123
558.092	1141
558.616	1133
559.14	1154
559.664	1160
560.188	1152
560.712	1171
561.236	1179
561.76	1161
562.284	1174
562.808	1208
563.332	1207
563.856	1214
564.38	1215
564.904	1238
565.428	1244
565.952	1237
566.476	1262
567	1249
567.523	1282
568.047	1292
568.571	1313
569.095	1299
569.619	1310
570.142	1313
570.666	1344
571.19	1330
571.714	1352
572.237	1345
572.761	1375
573.285	1381
573.808	1382
574.332	1405
574.855	1390
575.379	1388
575.903	1407
576.426	1387
576.95	1417
577.473	1391
577.997	1403
578.52	1398
579.044	1407
579.567	1401
580.09	1380
580.614	1416
581.137	1420
581.661	1423
582.184	1387
582.707	1387
583.231	1399
583.754	1371
584.277	1376
584.8	1380
585.324	1359
585.847	1363
586.37	1365
586.893	1358
587.417	1372
587.94	1353
588.463	1370
588.986	1336
589.509	1399
590.032	1392
590.555	1394
591.078	1402
591.601	1384
592.124	1390
592.647	1384
593.17	1409
593.693	1407
594.216	1377
594.739	1399
595.262	1421
595.785	1422
596.308	1418
596.831	1410
597.354	1413
597.877	1456
598.399	1456
598.922	1447
599.445	1426
599.968	1429
600.49	1474
601.013	1469
601.536	1469
602.059	1451
602.581	1496
603.104	1469
603.627	1471
604.149	1552
604.672	1550
605.194	1499
605.717	1545
606.24	1548
606.762	1602
607.285	1622
607.807	1591
608.33	1645
608.852	1625
609.374	1610
609.897	1622
610.419	1685
610.942	1660
611.464	1694
611.986	1740
612.509	1713
613.031	1754
613.553	1754
614.076	1753
614.598	1802
615.12	1813
615.642	1784
616.165	1810
616.687	1781
617.209	1811
617.731	1794
618.253	1847
618.775	1839
619.297	1827
619.82	1861
620.342	1881
620.864	1852
621.386	1818
621.908	1846
622.43	1850
622.952	1846
623.474	1799
623.996	1795
624.518	1776
625.039	1795
625.561	1799
626.083	1780
626.605	1783
627.127	1794
627.649	1762
628.171	1741
628.692	1733
629.214	1713
629.736	1727
630.258	1701
630.779	1698
631.301	1704
631.823	1675
632.344	1684
632.866	1686
633.388	1628
633.909	1684
634.431	1644
634.952	1662
635.474	1631
635.995	1648
636.517	1596
637.038	1625
637.56	1613
638.081	1644
638.603	1622
639.124	1619
639.646	1614
640.167	1614
640.688	1608
641.21	1632
641.731	1620
642.252	1596
642.773	1631
643.295	1617
643.816	1607
644.337	1642
644.859	1621
645.38	1650
645.901	1610
646.422	1638
646.943	1629
647.464	1637
647.985	1679
648.506	1651
649.028	1646
649.549	1639
650.07	1648
650.591	1693
651.112	1676
651.633	1682
652.154	1690
652.674	1682
653.195	1674
653.716	1686
654.237	1727
654.758	1700
655.279	1712
655.8	1683
656.321	1743
656.841	1749
657.362	1743
657.883	1765
658.404	1797
658.924	1804
659.445	1823
659.966	1822
660.486	1838
661.007	1856
661.528	1861
662.048	1882
662.569	1860
663.089	1937
663.61	1918
664.13	1916
664.651	1947
665.171	1905
665.692	1929
666.212	1990
666.733	1939
667.253	1982
667.774	2024
668.294	2011
668.814	2021
669.335	2044
669.855	2052
670.375	2037
670.896	2062
671.416	2082
671.936	2054
672.456	2075
672.977	2106
673.497	2099
674.017	2075
674.537	2042
675.057	2074
675.577	2029
676.097	2061
676.617	2040
677.137	2046
677.657	2051
678.177	2022
678.698	1991
679.217	2006
679.737	2028
680.257	1972
680.777	1968
681.297	1956
681.817	1937
682.337	1985
682.857	1919
683.377	1924
683.896	1883
684.416	1881
684.936	1837
685.456	1870
685.975	1844
686.495	1775
687.015	1834
687.535	1829
688.054	1826
688.574	1814
689.093	1817
689.613	1801
690.133	1811
690.652	1753
691.172	1817
691.691	1765
692.211	1786
692.73	1764
693.25	1772
693.769	1757
694.289	1739
694.808	1761
695.327	1731
695.847	1719
696.366	1719
696.885	1724
697.405	1719
697.924	1726
698.443	1732
698.962	1697
699.482	1748
700.001	1685
700.52	1722
701.039	1721
701.558	1686
702.078	1710
702.597	1719
703.116	1730
703.635	1734
704.154	1741
704.673	1729
705.192	1732
705.711	1736
706.23	1768
706.749	1755
707.268	1750
707.787	1740
708.306	1747
708.824	1727
709.343	1774
709.862	1740
710.381	1750
710.9	1768
711.419	1743
711.937	1743
712.456	1784
712.975	1790
713.493	1775
714.012	1813
714.531	1783
715.049	1826
715.568	1823
716.087	1806
716.605	1783
717.124	1818
717.642	1792
718.161	1874
718.679	1846
719.198	1841
719.716	1866
720.235	1853
720.753	1874
721.272	1857
721.79	1883
722.308	1861
722.827	1891
723.345	1894
723.863	1925
724.382	1917
724.9	1922
725.418	1958
725.936	1913
726.455	1941
726.973	1966
727.491	1988
728.009	1972
728.527	1993
729.045	1954
729.563	2005
730.081	2006
730.599	2005
731.117	2012
731.635	2020
732.153	2043
732.671	2029
733.189	2029
733.707	2061
734.225	2079
734.743	2045
735.261	2043
735.779	2063
736.297	2086
736.814	2039
737.332	2058
737.85	2142
738.368	2092
738.885	2084
739.403	2067
739.921	2072
740.439	2077
740.956	2049
741.474	2064
741.991	2057
742.509	2011
743.027	2011
743.544	2034
744.062	1998
744.579	1985
745.097	1989
745.614	1960
746.131	1959
746.649	1913
747.166	1921
747.684	1928
748.201	1939
748.718	1864
749.236	1892
749.753	1840
750.27	1885
750.788	1878
751.305	1842
751.822	1840
752.339	1810
752.856	1837
753.374	1837
753.891	1796
754.408	1818
754.925	1804
755.442	1800
755.959	1769
756.476	1751
756.993	1779
757.51	1747
758.027	1737
758.544	1724
759.061	1724
759.578	1733
760.095	1701
760.612	1725
761.128	1675
761.645	1706
762.162	1716
762.679	1675
763.196	1654
763.712	1674
764.229	1692
764.746	1672
765.263	1648
765.779	1625
766.296	1659
766.812	1643
767.329	1653
767.846	1669
768.362	1632
768.879	1626
769.395	1652
769.912	1639
770.428	1633
770.945	1623
771.461	1631
771.978	1618
772.494	1585
773.01	1608
773.527	1611
774.043	1598
774.559	1589
775.076	1593
775.592	1607
776.108	1596
776.624	1593
777.141	1603
777.657	1585
778.173	1602
778.689	1614
779.205	1580
779.721	1568
780.237	1576
780.753	1552
781.27	1567
781.786	1602
782.302	1570
782.818	1557
783.333	1587
783.849	1579
784.365	1580
784.881	1559
785.397	1583
785.913	1580
786.429	1573
786.945	1588
787.46	1602
787.976	1603
788.492	1579
789.008	1570
789.523	1556
790.039	1589
790.555	1586
791.07	1569
791.586	1564
792.102	1584
792.617	1569
793.133	1581
793.648	1578
794.164	1555
794.679	1569
795.195	1573
795.71	1549
796.226	1571
796.741	1579
797.256	1578
797.772	1569
798.287	1581
798.802	1587
799.318	1553
799.833	1577
800.348	1571
800.864	1582
801.379	1590
801.894	1587
802.409	1616
802.924	1615
803.44	1635
803.955	1609
804.47	1621
804.985	1596
805.5	1595
806.015	1628
806.53	1598
807.045	1610
807.56	1584
808.075	1602
808.59	1611
809.105	1631
809.619	1579
810.134	1595
810.649	1589
811.164	1603
811.679	1605
812.194	1642
812.708	1633
813.223	1624
813.738	1629
814.252	1595
814.767	1607
815.282	1615
815.796	1608
816.311	1585
816.826	1584
817.34	1576
817.855	1610
818.369	1569
818.884	1592
819.398	1576
819.913	1565
820.427	1615
820.941	1566
821.456	1559
821.97	1563
822.484	1538
822.999	1539
823.513	1575
824.027	1551
824.542	1572
825.056	1527
825.57	1551
826.084	1541
826.598	1487
827.113	1529
827.627	1500
828.141	1496
828.655	1516
829.169	1525
829.683	1483
830.197	1513
830.711	1489
831.225	1500
831.739	1472
832.253	1459
832.767	1462
833.281	1452
833.795	1442
834.308	1445
834.822	1467
835.336	1451
835.85	1449
836.364	1440
836.877	1445
837.391	1422
837.905	1412
838.418	1430
838.932	1435
839.446	1432
839.959	1423
840.473	1421
840.986	1426
841.5	1426
842.013	1430
842.527	1435
843.04	1428
843.554	1416
844.067	1432
844.581	1396
845.094	1425
845.607	1405
846.121	1403
846.634	1405
847.147	1401
847.661	1393
848.174	1402
848.687	1400
849.2	1396
849.714	1381
850.227	1392
850.74	1392
851.253	1372
851.766	1378
852.279	1385
852.792	1408
853.305	1387
853.818	1387
854.331	1378
854.844	1387
855.357	1389
855.87	1380
856.383	1400
856.896	1410
857.409	1398
857.921	1412
858.434	1399
858.947	1376
859.46	1398
859.973	1409
860.485	1381
860.998	1392
861.511	1370
862.023	1410
862.536	1417
863.049	1394
863.561	1388
864.074	1400
864.586	1398
865.099	1416
865.611	1378
866.124	1390
866.636	1387
867.149	1371
867.661	1370
868.173	1381
868.686	1400
869.198	1368
869.71	1391
870.223	1403
870.735	1432
871.247	1409
871.759	1413
872.272	1424
872.784	1399
873.296	1415
873.808	1433
874.32	1444
874.832	1406
875.344	1403
875.856	1400
876.368	1418
876.88	1402
877.392	1421
877.904	1444
878.416	1415
878.928	1401
879.44	1420
879.952	1423
880.464	1423
880.976	1396
881.487	1457
881.999	1420
882.511	1430
883.023	1436
883.534	1422
884.046	1441
884.558	1434
885.069	1449
885.581	1455
886.093	1432
886.604	1414
887.116	1445
887.627	1414
888.139	1417
888.65	1427
889.162	1415
889.673	1411
890.185	1427
890.696	1456
891.207	1439
891.719	1449
892.23	1437
892.741	1481
893.253	1449
893.764	1478
894.275	1466
894.786	1471
895.297	1479
895.809	1467
896.32	1473
896.831	1464
897.342	1466
897.853	1470
898.364	1451
898.875	1448
899.386	1475
899.897	1442
900.408	1451
900.919	1454
901.43	1481
901.941	1468
902.451	1458
902.962	1486
903.473	1439
903.984	1474
904.495	1466
905.005	1421
905.516	1460
906.027	1453
906.538	1420
907.048	1442
907.559	1436
908.069	1398
908.58	1364
909.091	1282
909.601	1229
910.112	1170
910.622	1124
911.133	1082
911.643	1048
912.154	1036
912.664	1022
913.174	1013
913.685	1014
914.195	1015
914.705	1009
915.216	1005
915.726	1006
916.236	1006
916.746	1005
917.256	1005
917.767	1002
918.277	1004
918.787	1002
919.297	1001
919.807	1002
920.317	1003
920.827	1001
921.337	999
921.847	1003
922.357	1002
922.867	1001
923.377	1001
923.887	1000
924.397	1003
924.906	1003
925.416	1000
925.926	1001
926.436	999
926.946	1007
927.455	1001
927.965	1001
928.475	1002
928.984	1003
929.494	1002
930.004	1001
930.513	1003
931.023	1003
931.532	1000
932.042	1000
932.551	1001
933.061	1000
933.57	1000
934.08	999
934.589	1002
935.098	1005
935.608	999
936.117	1002
936.626	1001
937.136	1001
937.645	998
938.154	1003
938.663	1003
939.173	998
939.682	997
940.191	1000
940.7	1001
941.209	1002
941.718	998
942.227	999
942.736	997
943.245	1001
943.754	1001
944.263	996
944.772	1000
945.281	1001
945.79	1002
946.299	999
946.807	999
947.316	1002
947.825	1001
948.334	1001
948.843	1000
949.351	1002
949.86	1002
950.369	997
950.877	1000
951.386	1005
951.894	1000
952.403	1004
952.911	999
953.42	1001
953.929	1003
954.437	1006
954.945	1003
955.454	1000
955.962	1001
956.471	1004
956.979	1000
957.487	1000
957.996	1002
958.504	1002
959.012	1001
959.52	1000
960.029	1000
960.537	1000
961.045	1004
961.553	998
962.061	1003
962.569	999
963.077	998
963.585	1002
