432.895	998
433.423	1000
433.95	998
434.478	1001
435.006	995
435.534	1000
436.062	1002
436.589	1003
437.117	1002
437.645	1000
438.172	1000
438.7	999
439.228	1004
439.756	998
440.283	998
440.811	1000
441.338	999
441.866	998
442.394	995
442.921	998
443.449	999
443.976	995
444.504	999
445.031	1000
445.559	1000
446.086	1000
446.614	1000
447.141	1002
447.669	1000
448.196	1001
448.724	999
449.251	998
449.778	998
450.306	1000
450.833	998
451.361	999
451.888	1001
452.415	998
452.943	1001
453.47	998
453.997	1000
454.524	997
455.052	999
455.579	1000
456.106	999
456.633	1001
457.16	998
457.688	998
458.215	1001
458.742	1000
459.269	1002
459.796	997
460.323	1001
460.85	1001
461.377	999
461.904	1000
462.431	998
462.958	1001
463.485	1000
464.012	998
464.539	1002
465.066	998
465.593	1002
466.12	998
466.647	998
467.174	997
467.701	1002
468.228	998
468.755	997
469.282	998
469.808	999
470.335	1001
470.862	998
471.389	999
471.915	1001
472.442	1000
472.969	1000
473.496	998
474.022	998
474.549	1000
475.076	997
475.602	1001
476.129	1001
476.656	1001
477.182	1002
477.709	1001
478.235	996
478.762	998
479.289	999
479.815	1000
480.342	1000
480.868	1000
481.395	999
481.921	999
482.448	999
482.974	1001
483.5	999
484.027	999
484.553	999
485.08	1000
485.606	1000
486.132	1001
486.659	999
487.185	1001
487.711	1000
488.238	1001
488.764	999
489.29	997
489.816	1001
490.343	1000
490.869	999
491.395	1001
491.921	997
492.447	1000
492.973	1001
493.5	1001
494.026	999
494.552	999
495.078	998
495.604	1000
496.13	1002
496.656	1001
497.182	1002
497.708	996
498.234	1005
498.76	999
499.286	1005
499.812	1003
500.338	1005
500.864	1015
501.39	1020
501.916	1018
502.441	1016
502.967	1019
503.493	1021
504.019	1026
504.545	1016
505.071	1024
505.596	1026
506.122	1032
506.648	1035
507.174	1024
507.699	1027
508.225	1034
508.751	1034
509.276	1034
509.802	1034
510.328	1033
510.853	1044
511.379	1043
511.904	1040
512.43	1043
512.955	1061
513.481	1045
514.006	1042
514.532	1051
515.057	1052
515.583	1059
516.108	1053
516.634	1055
517.159	1064
517.685	1050
518.21	1065
518.735	1064
519.261	1080
519.786	1069
520.311	1082
520.837	1080
521.362	1070
521.887	1093
522.413	1102
522.938	1106
523.463	1097
523.988	1105
524.513	1110
525.039	1116
525.564	1105
526.089	1120
526.614	1113
527.139	1117
527.664	1128
528.189	1112
528.714	1126
529.24	1138
529.765	1123
530.29	1150
530.815	1134
531.34	1128
531.865	1161
532.389	1137
532.914	1148
533.439	1145
533.964	1160
534.489	1158
535.014	1178
535.539	1167
536.064	1191
536.588	1221
537.113	1210
537.638	1215
538.163	1227
538.688	1232
539.212	1234
539.737	1243
540.262	1243
540.786	1254
541.311	1269
541.836	1242
542.36	1254
542.885	1251
543.41	1292
543.934	1289
544.459	1294
544.983	1301
545.508	1323
546.032	1331
546.557	1318
547.081	1335
547.606	1328
548.13	1309
548.655	1341
549.179	1347
549.704	1353
550.228	1392
550.752	1384
551.277	1395
551.801	1403
552.325	1382
552.85	1409
553.374	1414
553.898	1419
554.423	1443
554.947	1450
555.471	1439
555.995	1466
556.519	1476
557.044	1493
557.568	1496
558.092	1498
558.616	1512
559.14	1515
559.664	1517
560.188	1516
560.712	1530
561.236	1561
561.76	1535
562.284	1573
562.808	1570
563.332	1575
563.856	1595
564.38	1639
564.904	1620
565.428	1613
565.952	1602
566.476	1627
567	1616
567.523	1659
568.047	1642
568.571	1689
569.095	1703
569.619	1690
570.142	1716
570.666	1703
571.19	1704
571.714	1719
572.237	1759
572.761	1723
573.285	1771
573.808	1779
574.332	1731
574.855	1772
575.379	1800
575.903	1737
576.426	1770
576.95	1780
577.473	1786
577.997	1826
578.52	1838
579.044	1854
579.567	1818
580.09	1876
580.614	1872
581.137	1882
581.661	1872
582.184	1905
582.707	1899
583.231	1896
583.754	1933
584.277	1896
584.8	1889
585.324	1927
585.847	1866
586.37	1945
586.893	1926
587.417	1910
587.94	1922
588.463	1954
588.986	1963
589.509	1957
590.032	1968
590.555	1961
591.078	1952
591.601	2023
592.124	1941
592.647	1983
593.17	1984
593.693	2004
594.216	2006
594.739	2000
595.262	2020
595.785	2018
596.308	2040
596.831	2073
597.354	2049
597.877	2078
598.399	2028
598.922	2040
599.445	2081
599.968	2052
600.49	2042
601.013	2041
601.536	2040
602.059	2056
602.581	2014
603.104	2002
603.627	2075
604.149	2072
604.672	2100
605.194	2041
605.717	2077
606.24	2089
606.762	2101
607.285	2115
607.807	2117
608.33	2077
608.852	2076
609.374	2129
609.897	2075
610.419	2097
610.942	2096
611.464	2120
611.986	2100
612.509	2121
613.031	2160
613.553	2102
614.076	2140
614.598	2091
615.12	2121
615.642	2137
616.165	2139
616.687	2142
617.209	2157
617.731	2135
618.253	2110
618.775	2201
619.297	2180
619.82	2185
620.342	2218
620.864	2177
621.386	2245
621.908	2204
622.43	2245
622.952	2248
623.474	2223
623.996	2226
624.518	2248
625.039	2249
625.561	2213
626.083	2250
626.605	2262
627.127	2277
627.649	2324
628.171	2304
628.692	2282
629.214	2271
629.736	2277
630.258	2318
630.779	2301
631.301	2322
631.823	2372
632.344	2372
632.866	2349
633.388	2368
633.909	2358
634.431	2392
634.952	2370
635.474	2364
635.995	2391
636.517	2455
637.038	2484
637.56	2404
638.081	2428
638.603	2452
639.124	2448
639.646	2477
640.167	2504
640.688	2502
641.21	2507
641.731	2496
642.252	2537
642.773	2530
643.295	2535
643.816	2550
644.337	2542
644.859	2531
645.38	2568
645.901	2553
646.422	2603
646.943	2585
647.464	2636
647.985	2642
648.506	2626
649.028	2624
649.549	2629
650.07	2701
650.591	2669
651.112	2679
651.633	2685
652.154	2730
652.674	2703
653.195	2736
653.716	2752
654.237	2736
654.758	2753
655.279	2775
655.8	2807
656.321	2761
656.841	2768
657.362	2754
657.883	2765
658.404	2807
658.924	2796
659.445	2810
659.966	2791
660.486	2879
661.007	2872
661.528	2901
662.048	2882
662.569	2879
663.089	2875
663.61	2880
664.13	2947
664.651	2896
665.171	2927
665.692	2930
666.212	2873
666.733	2878
667.253	2885
667.774	2975
668.294	2886
668.814	2885
669.335	2976
669.855	2983
670.375	3005
670.896	2969
671.416	3025
671.936	3030
672.456	3020
672.977	2980
673.497	3055
674.017	3023
674.537	3039
675.057	2971
675.577	3045
676.097	3038
676.617	3026
677.137	3042
677.657	3028
678.177	3035
678.698	2969
679.217	3060
679.737	3047
680.257	3045
680.777	3044
681.297	3058
681.817	3101
682.337	3132
682.857	3138
683.377	3125
683.896	3099
684.416	3154
684.936	3133
685.456	3090
685.975	3132
686.495	3132
687.015	3128
687.535	3197
688.054	3173
688.574	3180
689.093	3213
689.613	3167
690.133	3227
690.652	3333
691.172	3295
691.691	3265
692.211	3243
692.73	3299
693.25	3335
693.769	3316
694.289	3322
694.808	3288
695.327	3262
695.847	3320
696.366	3300
696.885	3276
697.405	3366
697.924	3317
698.443	3293
698.962	3338
699.482	3340
700.001	3385
700.52	3327
701.039	3385
701.558	3389
702.078	3372
702.597	3434
703.116	3367
703.635	3409
704.154	3421
704.673	3450
705.192	3446
705.711	3405
706.23	3525
706.749	3480
707.268	3541
707.787	3496
708.306	3566
708.824	3584
709.343	3576
709.862	3524
710.381	3580
710.9	3559
711.419	3561
711.937	3587
712.456	3554
712.975	3618
713.493	3615
714.012	3579
714.531	3581
715.049	3583
715.568	3699
716.087	3638
716.605	3688
717.124	3666
717.642	3660
718.161	3723
718.679	3676
719.198	3634
719.716	3640
720.235	3688
720.753	3632
721.272	3574
721.79	3635
722.308	3630
722.827	3678
723.345	3674
723.863	3592
724.382	3631
724.9	3665
725.418	3694
725.936	3640
726.455	3632
726.973	3680
727.491	3691
728.009	3646
728.527	3652
729.045	3685
729.563	3726
730.081	3731
730.599	3623
731.117	3658
731.635	3622
732.153	3687
732.671	3628
733.189	3628
733.707	3583
734.225	3643
734.743	3613
735.261	3639
735.779	3646
736.297	3605
736.814	3633
737.332	3647
737.85	3696
738.368	3690
738.885	3655
739.403	3664
739.921	3706
740.439	3690
740.956	3636
741.474	3658
741.991	3676
742.509	3667
743.027	3588
743.544	3655
744.062	3601
744.579	3642
745.097	3650
745.614	3660
746.131	3623
746.649	3595
747.166	3625
747.684	3645
748.201	3685
748.718	3652
749.236	3606
749.753	3636
750.27	3592
750.788	3646
751.305	3636
751.822	3649
752.339	3647
752.856	3640
753.374	3612
753.891	3624
754.408	3599
754.925	3592
755.442	3626
755.959	3657
756.476	3608
756.993	3615
757.51	3632
758.027	3548
758.544	3516
759.061	3505
759.578	3531
760.095	3513
760.612	3540
761.128	3505
761.645	3538
762.162	3555
762.679	3535
763.196	3499
763.712	3557
764.229	3542
764.746	3502
765.263	3514
765.779	3510
766.296	3499
766.812	3493
767.329	3506
767.846	3533
768.362	3476
768.879	3424
769.395	3447
769.912	3450
770.428	3420
770.945	3430
771.461	3406
771.978	3419
772.494	3399
773.01	3419
773.527	3411
774.043	3423
774.559	3385
775.076	3357
775.592	3369
776.108	3379
776.624	3344
777.141	3316
777.657	3339
778.173	3318
778.689	3382
779.205	3329
779.721	3340
780.237	3292
780.753	3308
781.27	3322
781.786	3251
782.302	3255
782.818	3220
783.333	3241
783.849	3252
784.365	3247
784.881	3237
785.397	3221
785.913	3240
786.429	3229
786.945	3214
787.46	3240
787.976	3195
788.492	3187
789.008	3201
789.523	3172
790.039	3204
790.555	3081
791.07	3136
791.586	3166
792.102	3115
792.617	3115
793.133	3099
793.648	3150
794.164	3060
794.679	3115
795.195	3071
795.71	3055
796.226	3083
796.741	3079
797.256	3062
797.772	3033
798.287	3004
798.802	2993
799.318	3072
799.833	2977
800.348	2956
800.864	2997
801.379	2980
801.894	2987
802.409	2948
802.924	2994
803.44	2983
803.955	2969
804.47	2942
804.985	2952
805.5	2925
806.015	2979
806.53	2981
807.045	2951
807.56	2952
808.075	2873
808.59	2877
809.105	2861
809.619	2883
810.134	2890
810.649	2862
811.164	2879
811.679	2877
812.194	2854
812.708	2823
813.223	2829
813.738	2831
814.252	2813
814.767	2816
815.282	2839
815.796	2826
816.311	2804
816.826	2779
817.34	2844
817.855	2835
818.369	2824
818.884	2785
819.398	2817
819.913	2730
820.427	2804
820.941	2753
821.456	2717
821.97	2757
822.484	2787
822.999	2752
823.513	2741
824.027	2764
824.542	2738
825.056	2702
825.57	2640
826.084	2740
826.598	2704
827.113	2710
827.627	2727
828.141	2700
828.655	2714
829.169	2680
829.683	2714
830.197	2696
830.711	2703
831.225	2715
831.739	2714
832.253	2669
832.767	2704
833.281	2714
833.795	2695
834.308	2679
834.822	2656
835.336	2690
835.85	2677
836.364	2623
836.877	2676
837.391	2639
837.905	2642
838.418	2663
838.932	2657
839.446	2585
839.959	2610
840.473	2637
840.986	2609
841.5	2626
842.013	2623
842.527	2656
843.04	2658
843.554	2654
844.067	2654
844.581	2586
845.094	2568
845.607	2648
846.121	2654
846.634	2596
847.147	2647
847.661	2628
848.174	2644
848.687	2674
849.2	2620
849.714	2613
850.227	2594
850.74	2602
851.253	2640
851.766	2636
852.279	2612
852.792	2596
853.305	2601
853.818	2611
854.331	2599
854.844	2607
855.357	2579
855.87	2575
856.383	2621
856.896	2597
857.409	2579
857.921	2582
858.434	2639
858.947	2625
859.46	2619
859.973	2593
860.485	2615
860.998	2619
861.511	2628
862.023	2580
862.536	2561
863.049	2576
863.561	2594
864.074	2576
864.586	2620
865.099	2552
865.611	2562
866.124	2593
866.636	2584
867.149	2554
867.661	2545
868.173	2582
868.686	2577
869.198	2512
869.71	2591
870.223	2595
870.735	2566
871.247	2574
871.759	2579
872.272	2544
872.784	2513
873.296	2532
873.808	2550
874.32	2535
874.832	2523
875.344	2524
875.856	2529
876.368	2541
876.88	2528
877.392	2529
877.904	2525
878.416	2546
878.928	2570
879.44	2491
879.952	2508
880.464	2533
880.976	2521
881.487	2494
881.999	2497
882.511	2470
883.023	2464
883.534	2461
884.046	2435
884.558	2452
885.069	2426
885.581	2456
886.093	2445
886.604	2442
887.116	2427
887.627	2452
888.139	2431
888.65	2459
889.162	2450
889.673	2449
890.185	2429
890.696	2413
891.207	2446
891.719	2426
892.23	2439
892.741	2427
893.253	2396
893.764	2374
894.275	2470
894.786	2405
895.297	2406
895.809	2373
896.32	2338
896.831	2330
897.342	2363
897.853	2374
898.364	2379
898.875	2343
899.386	2343
899.897	2334
900.408	2356
900.919	2326
901.43	2367
901.941	2333
902.451	2329
902.962	2334
903.473	2329
903.984	2316
904.495	2296
905.005	2274
905.516	2285
906.027	2223
906.538	2249
907.048	2230
907.559	2189
908.069	2166
908.58	2100
909.091	1983
909.601	1833
910.112	1625
910.622	1443
911.133	1280
911.643	1179
912.154	1105
912.664	1068
913.174	1040
913.685	1035
914.195	1017
914.705	1013
915.216	1012
915.726	1016
916.236	1007
916.746	1010
917.256	1003
917.767	1008
918.277	1005
918.787	1008
919.297	1006
919.807	1003
920.317	1003
920.827	1007
921.337	1004
921.847	1005
922.357	1004
922.867	1005
923.377	1005
923.887	1005
924.397	1004
924.906	1005
925.416	1005
925.926	1003
926.436	1005
926.946	1001
927.455	1002
927.965	1004
928.475	1005
928.984	1003
929.494	1002
930.004	1003
930.513	1005
931.023	1001
931.532	1007
932.042	1003
932.551	1000
933.061	1002
933.57	1003
934.08	1005
934.589	1002
935.098	1003
935.608	1001
936.117	1002
936.626	1002
937.136	1003
937.645	999
938.154	1001
938.663	1003
939.173	1003
939.682	1005
940.191	1004
940.7	1001
941.209	1004
941.718	1000
942.227	1004
942.736	1005
943.245	1004
943.754	998
944.263	998
944.772	1001
945.281	1003
945.79	1003
946.299	1003
946.807	1000
947.316	1000
947.825	1004
948.334	1000
948.843	1001
949.351	1000
949.86	1002
950.369	1000
950.877	1001
951.386	1002
951.894	1003
952.403	1000
952.911	1003
953.42	1001
953.929	1002
954.437	1001
954.945	1000
955.454	1000
955.962	1002
956.471	1002
956.979	1002
957.487	1003
957.996	1001
958.504	1002
959.012	1003
959.52	999
960.029	998
960.537	998
961.045	1002
961.553	1004
962.061	999
962.569	1000
963.077	1002
963.585	1001
