432.895	1001
433.423	997
433.95	998
434.478	1001
435.006	998
435.534	996
436.062	1002
436.589	999
437.117	999
437.645	998
438.172	1000
438.7	1000
439.228	999
439.756	1001
440.283	999
440.811	1000
441.338	997
441.866	999
442.394	998
442.921	1000
443.449	998
443.976	1003
444.504	999
445.031	1000
445.559	1002
446.086	1001
446.614	1001
447.141	1000
447.669	998
448.196	999
448.724	999
449.251	998
449.778	999
450.306	998
450.833	999
451.361	1001
451.888	1000
452.415	999
452.943	1003
453.47	1003
453.997	1001
454.524	1001
455.052	1000
455.579	999
456.106	1004
456.633	998
457.16	1002
457.688	999
458.215	1004
458.742	1000
459.269	1002
459.796	1001
460.323	1000
460.85	1001
461.377	1002
461.904	1004
462.431	1002
462.958	1000
463.485	1001
464.012	999
464.539	997
465.066	1001
465.593	998
466.12	1000
466.647	999
467.174	1001
467.701	1000
468.228	1000
468.755	1002
469.282	997
469.808	1000
470.335	999
470.862	999
471.389	1001
471.915	1000
472.442	1000
472.969	1001
473.496	999
474.022	1000
474.549	1002
475.076	1001
475.602	1001
476.129	1000
476.656	999
477.182	1001
477.709	1002
478.235	999
478.762	1000
479.289	1001
479.815	1003
480.342	998
480.868	1001
481.395	1004
481.921	999
482.448	1003
482.974	1002
483.5	1000
484.027	999
484.553	1001
485.08	1001
485.606	1000
486.132	1000
486.659	997
487.185	1002
487.711	1000
488.238	998
488.764	1000
489.29	1001
489.816	1002
490.343	999
490.869	1001
491.395	1000
491.921	1001
492.447	1002
492.973	1004
493.5	1001
494.026	1002
494.552	1004
495.078	997
495.604	1002
496.13	997
496.656	999
497.182	1006
497.708	1004
498.234	1000
498.76	1002
499.286	1003
499.812	1003
500.338	1018
500.864	1022
501.39	1025
501.916	1040
502.441	1043
502.967	1037
503.493	1051
504.019	1053
504.545	1054
505.071	1048
505.596	1060
506.122	1052
506.648	1051
507.174	1062
507.699	1053
508.225	1055
508.751	1062
509.276	1067
509.802	1064
510.328	1076
510.853	1073
511.379	1072
511.904	1077
512.43	1092
512.955	1083
513.481	1081
514.006	1094
514.532	1081
515.057	1100
515.583	1106
516.108	1114
516.634	1106
517.159	1100
517.685	1115
518.21	1122
518.735	1125
519.261	1124
519.786	1133
520.311	1126
520.837	1154
521.362	1148
521.887	1161
522.413	1175
522.938	1180
523.463	1193
523.988	1183
524.513	1182
525.039	1209
525.564	1193
526.089	1207
526.614	1226
527.139	1236
527.664	1248
528.189	1257
528.714	1277
529.24	1279
529.765	1270
530.29	1265
530.815	1282
531.34	1265
531.865	1279
532.389	1289
532.914	1270
533.439	1294
533.964	1292
534.489	1331
535.014	1338
535.539	1364
536.064	1393
536.588	1414
537.113	1441
537.638	1454
538.163	1482
538.688	1482
539.212	1487
539.737	1500
540.262	1496
540.786	1533
541.311	1526
541.836	1562
542.36	1592
542.885	1594
543.41	1591
543.934	1629
544.459	1639
544.983	1659
545.508	1706
546.032	1730
546.557	1698
547.081	1723
547.606	1748
548.13	1746
548.655	1820
549.179	1795
549.704	1852
550.228	1847
550.752	1901
551.277	1940
551.801	1926
552.325	1953
552.85	1960
553.374	1973
553.898	2010
554.423	2007
554.947	2067
555.471	2051
555.995	2136
556.519	2158
557.044	2209
557.568	2211
558.092	2233
558.616	2250
559.14	2314
559.664	2337
560.188	2338
560.712	2322
561.236	2358
561.76	2416
562.284	2469
562.808	2465
563.332	2557
563.856	2516
564.38	2579
564.904	2603
565.428	2645
565.952	2660
566.476	2692
567	2673
567.523	2784
568.047	2735
568.571	2827
569.095	2890
569.619	2909
570.142	2885
570.666	2870
571.19	3021
571.714	3020
572.237	3076
572.761	3105
573.285	3144
573.808	3129
574.332	3173
574.855	3203
575.379	3193
575.903	3215
576.426	3292
576.95	3301
577.473	3318
577.997	3363
578.52	3372
579.044	3453
579.567	3456
580.09	3472
580.614	3576
581.137	3541
581.661	3608
582.184	3615
582.707	3694
583.231	3711
583.754	3686
584.277	3749
584.8	3746
585.324	3733
585.847	3862
586.37	3866
586.893	3886
587.417	3922
587.94	3965
588.463	4002
588.986	4061
589.509	4063
590.032	4063
590.555	4156
591.078	4219
591.601	4211
592.124	4222
592.647	4178
593.17	4205
593.693	4269
594.216	4291
594.739	4377
595.262	4401
595.785	4420
596.308	4410
596.831	4523
597.354	4550
597.877	4619
598.399	4591
598.922	4501
599.445	4532
599.968	4545
600.49	4523
601.013	4543
601.536	4505
602.059	4624
602.581	4612
603.104	4679
603.627	4677
604.149	4688
604.672	4740
605.194	4733
605.717	4797
606.24	4801
606.762	4809
607.285	4872
607.807	4804
608.33	4875
608.852	4842
609.374	4889
609.897	4904
610.419	4917
610.942	4992
611.464	5003
611.986	5031
612.509	4966
613.031	5079
613.553	5051
614.076	5069
614.598	5059
615.12	5059
615.642	5116
616.165	5042
616.687	5050
617.209	5071
617.731	5197
618.253	5194
618.775	5271
619.297	5254
619.82	5266
620.342	5217
620.864	5312
621.386	5397
621.908	5282
622.43	5410
622.952	5314
623.474	5368
623.996	5441
624.518	5516
625.039	5411
625.561	5391
626.083	5479
626.605	5519
627.127	5597
627.649	5623
628.171	5634
628.692	5668
629.214	5667
629.736	5650
630.258	5690
630.779	5720
631.301	5674
631.823	5781
632.344	5728
632.866	5791
633.388	5690
633.909	5789
634.431	5744
634.952	5770
635.474	5879
635.995	5830
636.517	5907
637.038	5878
637.56	5941
638.081	5941
638.603	6055
639.124	5989
639.646	5993
640.167	6033
640.688	6088
641.21	6111
641.731	6163
642.252	6143
642.773	6111
643.295	6167
643.816	6315
644.337	6212
644.859	6270
645.38	6305
645.901	6368
646.422	6274
646.943	6308
647.464	6396
647.985	6447
648.506	6488
649.028	6446
649.549	6512
650.07	6548
650.591	6501
651.112	6556
651.633	6565
652.154	6682
652.674	6576
653.195	6664
653.716	6726
654.237	6785
654.758	6811
655.279	6695
655.8	6637
656.321	6648
656.841	6728
657.362	6749
657.883	6771
658.404	6769
658.924	6837
659.445	6899
659.966	6958
660.486	7046
661.007	6970
661.528	6921
662.048	6927
662.569	6972
663.089	6997
663.61	6889
664.13	6923
664.651	6905
665.171	6939
665.692	6955
666.212	6909
666.733	6864
667.253	7042
667.774	7042
668.294	7049
668.814	7108
669.335	7104
669.855	7161
670.375	7190
670.896	7232
671.416	7199
671.936	7177
672.456	7197
672.977	7184
673.497	7152
674.017	7133
674.537	7163
675.057	7194
675.577	7196
676.097	7115
676.617	7175
677.137	7156
677.657	7136
678.177	7160
678.698	7113
679.217	7174
679.737	7232
680.257	7252
680.777	7115
681.297	7176
681.817	7171
682.337	7123
682.857	7182
683.377	7163
683.896	7222
684.416	7217
684.936	7235
685.456	7279
685.975	7313
686.495	7247
687.015	7208
687.535	7359
688.054	7317
688.574	7342
689.093	7280
689.613	7281
690.133	7373
690.652	7475
691.172	7435
691.691	7390
692.211	7436
692.73	7566
693.25	7451
693.769	7537
694.289	7484
694.808	7500
695.327	7499
695.847	7579
696.366	7541
696.885	7565
697.405	7586
697.924	7582
698.443	7437
698.962	7534
699.482	7498
700.001	7536
700.52	7686
701.039	7583
701.558	7588
702.078	7615
702.597	7544
703.116	7578
703.635	7581
704.154	7589
704.673	7561
705.192	7599
705.711	7731
706.23	7730
706.749	7802
707.268	7916
707.787	7816
708.306	7826
708.824	7861
709.343	7964
709.862	7864
710.381	7853
710.9	7771
711.419	7892
711.937	7853
712.456	7842
712.975	7834
713.493	7901
714.012	7929
714.531	7936
715.049	7923
715.568	7920
716.087	8050
716.605	7933
717.124	8037
717.642	7983
718.161	8032
718.679	8023
719.198	7998
719.716	7951
720.235	7950
720.753	8002
721.272	7948
721.79	7806
722.308	7867
722.827	7878
723.345	7835
723.863	7819
724.382	7829
724.9	7746
725.418	7855
725.936	7846
726.455	7804
726.973	7823
727.491	7879
728.009	7911
728.527	7939
729.045	7789
729.563	7929
730.081	7885
730.599	7855
731.117	7773
731.635	7780
732.153	7795
732.671	7730
733.189	7737
733.707	7625
734.225	7693
734.743	7753
735.261	7689
735.779	7545
736.297	7596
736.814	7643
737.332	7532
737.85	7666
738.368	7613
738.885	7655
739.403	7701
739.921	7646
740.439	7557
740.956	7630
741.474	7673
741.991	7666
742.509	7661
743.027	7641
743.544	7551
744.062	7680
744.579	7550
745.097	7465
745.614	7502
746.131	7417
746.649	7373
747.166	7384
747.684	7373
748.201	7384
748.718	7386
749.236	7318
749.753	7436
750.27	7424
750.788	7382
751.305	7477
751.822	7417
752.339	7356
752.856	7456
753.374	7396
753.891	7429
754.408	7322
754.925	7339
755.442	7247
755.959	7196
756.476	7225
756.993	7191
757.51	7161
758.027	7124
758.544	7161
759.061	7115
759.578	7098
760.095	7070
760.612	7081
761.128	7007
761.645	7016
762.162	6965
762.679	7012
763.196	7010
763.712	7011
764.229	7057
764.746	7040
765.263	7020
765.779	7032
766.296	7058
766.812	7043
767.329	7009
767.846	7037
768.362	6908
768.879	6843
769.395	6907
769.912	6880
770.428	6918
770.945	6821
771.461	6846
771.978	6753
772.494	6846
773.01	6840
773.527	6765
774.043	6733
774.559	6801
775.076	6697
775.592	6622
776.108	6585
776.624	6561
777.141	6601
777.657	6477
778.173	6480
778.689	6440
779.205	6510
779.721	6325
780.237	6363
780.753	6390
781.27	6341
781.786	6330
782.302	6309
782.818	6356
783.333	6220
783.849	6189
784.365	6189
784.881	6158
785.397	6074
785.913	6157
786.429	6076
786.945	6060
787.46	6112
787.976	6067
788.492	6002
789.008	6050
789.523	5955
790.039	6022
790.555	5887
791.07	5931
791.586	6015
792.102	5886
792.617	5825
793.133	5822
793.648	5807
794.164	5735
794.679	5663
795.195	5661
795.71	5688
796.226	5601
796.741	5664
797.256	5592
797.772	5602
798.287	5577
798.802	5606
799.318	5561
799.833	5500
800.348	5452
800.864	5512
801.379	5487
801.894	5550
802.409	5496
802.924	5489
803.44	5444
803.955	5413
804.47	5330
804.985	5357
805.5	5348
806.015	5383
806.53	5337
807.045	5310
807.56	5276
808.075	5269
808.59	5260
809.105	5194
809.619	5178
810.134	5183
810.649	5126
811.164	5136
811.679	5043
812.194	5111
812.708	5036
813.223	4943
813.738	4986
814.252	4987
814.767	5033
815.282	4978
815.796	4924
816.311	4950
816.826	4955
817.34	4937
817.855	4931
818.369	4928
818.884	4955
819.398	4958
819.913	4912
820.427	4941
820.941	4930
821.456	4875
821.97	4856
822.484	4853
822.999	4898
823.513	4846
824.027	4775
824.542	4846
825.056	4862
825.57	4769
826.084	4796
826.598	4735
827.113	4705
827.627	4731
828.141	4640
828.655	4685
829.169	4658
829.683	4677
830.197	4718
830.711	4699
831.225	4672
831.739	4702
832.253	4649
832.767	4730
833.281	4672
833.795	4661
834.308	4593
834.822	4620
835.336	4652
835.85	4562
836.364	4596
836.877	4622
837.391	4612
837.905	4614
838.418	4541
838.932	4630
839.446	4571
839.959	4567
840.473	4448
840.986	4526
841.5	4494
842.013	4465
842.527	4407
843.04	4476
843.554	4530
844.067	4455
844.581	4505
845.094	4433
845.607	4399
846.121	4374
846.634	4399
847.147	4399
847.661	4426
848.174	4420
848.687	4397
849.2	4449
849.714	4427
850.227	4450
850.74	4401
851.253	4386
851.766	4378
852.279	4313
852.792	4440
853.305	4352
853.818	4382
854.331	4368
854.844	4342
855.357	4367
855.87	4360
856.383	4294
856.896	4351
857.409	4398
857.921	4376
858.434	4378
858.947	4354
859.46	4374
859.973	4378
860.485	4409
860.998	4378
861.511	4309
862.023	4306
862.536	4313
863.049	4276
863.561	4230
864.074	4256
864.586	4178
865.099	4301
865.611	4259
866.124	4247
866.636	4295
867.149	4213
867.661	4287
868.173	4286
868.686	4242
869.198	4287
869.71	4228
870.223	4228
870.735	4212
871.247	4216
871.759	4151
872.272	4191
872.784	4194
873.296	4258
873.808	4180
874.32	4138
874.832	4170
875.344	4092
875.856	4169
876.368	4128
876.88	4160
877.392	4158
877.904	4132
878.416	4110
878.928	4145
879.44	4127
879.952	4112
880.464	4089
880.976	4072
881.487	4065
881.999	4067
882.511	4083
883.023	3988
883.534	3946
884.046	3940
884.558	3972
885.069	3867
885.581	3903
886.093	3862
886.604	3865
887.116	3971
887.627	3958
888.139	3942
888.65	3899
889.162	3961
889.673	4019
890.185	3929
890.696	3950
891.207	3905
891.719	3878
892.23	3937
892.741	3937
893.253	3927
893.764	3896
894.275	3856
894.786	3846
895.297	3807
895.809	3807
896.32	3797
896.831	3815
897.342	3773
897.853	3835
898.364	3836
898.875	3780
899.386	3776
899.897	3760
900.408	3732
900.919	3748
901.43	3694
901.941	3705
902.451	3685
902.962	3645
903.473	3673
903.984	3660
904.495	3559
905.005	3584
905.516	3613
906.027	3535
906.538	3530
907.048	3496
907.559	3436
908.069	3415
908.58	3177
909.091	2993
909.601	2676
910.112	2320
910.622	1910
911.133	1624
911.643	1366
912.154	1228
912.664	1132
913.174	1085
913.685	1047
914.195	1041
914.705	1026
915.216	1026
915.726	1023
916.236	1018
916.746	1018
917.256	1010
917.767	1015
918.277	1009
918.787	1014
919.297	1010
919.807	1011
920.317	1006
920.827	1012
921.337	1008
921.847	1009
922.357	1011
922.867	1011
923.377	1009
923.887	1007
924.397	1017
924.906	1011
925.416	1006
925.926	1010
926.436	1012
926.946	1009
927.455	1008
927.965	1008
928.475	1009
928.984	1003
929.494	1010
930.004	1008
930.513	1007
931.023	1007
931.532	1008
932.042	1008
932.551	1009
933.061	1007
933.57	1010
934.08	1005
934.589	1008
935.098	1005
935.608	1007
936.117	1004
936.626	1009
937.136	1003
937.645	1005
938.154	1003
938.663	1008
939.173	1004
939.682	1004
940.191	1003
940.7	1004
941.209	1004
941.718	1004
942.227	1005
942.736	1003
943.245	1005
943.754	1000
944.263	1004
944.772	1005
945.281	1002
945.79	1001
946.299	1001
946.807	1003
947.316	1002
947.825	1000
948.334	1000
948.843	1005
949.351	1005
949.86	1000
950.369	1001
950.877	1000
951.386	1001
951.894	1002
952.403	1002
952.911	1003
953.42	1004
953.929	999
954.437	1001
954.945	1002
955.454	1001
955.962	1002
956.471	1000
956.979	1003
957.487	998
957.996	1000
958.504	1002
959.012	998
959.52	997
960.029	1004
960.537	1001
961.045	1000
961.553	999
962.061	1002
962.569	1005
963.077	999
963.585	1001
