432.895	1002
433.423	1001
433.95	1001
434.478	997
435.006	996
435.534	1001
436.062	997
436.589	999
437.117	999
437.645	999
438.172	997
438.7	1000
439.228	997
439.756	998
440.283	1002
440.811	997
441.338	1000
441.866	1001
442.394	998
442.921	999
443.449	998
443.976	1000
444.504	1000
445.031	1000
445.559	997
446.086	1000
446.614	1000
447.141	1002
447.669	1000
448.196	998
448.724	1000
449.251	999
449.778	1001
450.306	1000
450.833	996
451.361	1002
451.888	998
452.415	998
452.943	1000
453.47	999
453.997	1000
454.524	999
455.052	999
455.579	1001
456.106	1002
456.633	998
457.16	1001
457.688	1001
458.215	1003
458.742	999
459.269	1002
459.796	1000
460.323	1001
460.85	998
461.377	999
461.904	1001
462.431	1001
462.958	999
463.485	1002
464.012	1000
464.539	999
465.066	1001
465.593	1001
466.12	1002
466.647	999
467.174	1000
467.701	1000
468.228	999
468.755	997
469.282	998
469.808	1001
470.335	1000
470.862	1000
471.389	1003
471.915	999
472.442	998
472.969	998
473.496	1001
474.022	1000
474.549	1000
475.076	1001
475.602	1001
476.129	997
476.656	1000
477.182	1000
477.709	1003
478.235	1000
478.762	1003
479.289	1000
479.815	1002
480.342	1002
480.868	1002
481.395	1000
481.921	999
482.448	999
482.974	1002
483.5	1001
484.027	1001
484.553	1000
485.08	1002
485.606	998
486.132	999
486.659	1000
487.185	1000
487.711	1003
488.238	998
488.764	1001
489.29	997
489.816	998
490.343	1001
490.869	1000
491.395	998
491.921	999
492.447	997
492.973	998
493.5	1000
494.026	1001
494.552	1001
495.078	997
495.604	999
496.13	999
496.656	998
497.182	1001
497.708	999
498.234	999
498.76	1000
499.286	1000
499.812	1000
500.338	1002
500.864	1002
501.39	1000
501.916	1004
502.441	1004
502.967	1005
503.493	1006
504.019	1002
504.545	1005
505.071	1003
505.596	1003
506.122	1004
506.648	1001
507.174	1001
507.699	1003
508.225	1007
508.751	1002
509.276	1005
509.802	1004
510.328	1010
510.853	1006
511.379	1005
511.904	1009
512.43	1010
512.955	1009
513.481	1011
514.006	1004
514.532	1009
515.057	1008
515.583	1005
516.108	1009
516.634	1010
517.159	1012
517.685	1004
518.21	1009
518.735	1011
519.261	1008
519.786	1013
520.311	1011
520.837	1013
521.362	1014
521.887	1011
522.413	1015
522.938	1017
523.463	1014
523.988	1019
524.513	1007
525.039	1018
525.564	1018
526.089	1021
526.614	1026
527.139	1020
527.664	1026
528.189	1025
528.714	1021
529.24	1027
529.765	1020
530.29	1021
530.815	1021
531.34	1021
531.865	1023
532.389	1020
532.914	1018
533.439	1034
533.964	1030
534.489	1028
535.014	1032
535.539	1035
536.064	1039
536.588	1034
537.113	1026
537.638	1036
538.163	1050
538.688	1041
539.212	1047
539.737	1036
540.262	1047
540.786	1044
541.311	1047
541.836	1049
542.36	1058
542.885	1057
543.41	1058
543.934	1059
544.459	1061
544.983	1054
545.508	1067
546.032	1067
546.557	1063
547.081	1074
547.606	1071
548.13	1085
548.655	1079
549.179	1085
549.704	1082
550.228	1088
550.752	1095
551.277	1085
551.801	1098
552.325	1101
552.85	1101
553.374	1101
553.898	1110
554.423	1096
554.947	1104
555.471	1107
555.995	1120
556.519	1127
557.044	1119
557.568	1131
558.092	1122
558.616	1129
559.14	1134
559.664	1138
560.188	1136
560.712	1159
561.236	1152
561.76	1146
562.284	1152
562.808	1157
563.332	1173
563.856	1167
564.38	1159
564.904	1162
565.428	1186
565.952	1189
566.476	1186
567	1195
567.523	1197
568.047	1195
568.571	1210
569.095	1205
569.619	1225
570.142	1235
570.666	1214
571.19	1235
571.714	1221
572.237	1238
572.761	1260
573.285	1259
573.808	1249
574.332	1259
574.855	1257
575.379	1271
575.903	1268
576.426	1269
576.95	1254
577.473	1289
577.997	1284
578.52	1297
579.044	1287
579.567	1308
580.09	1304
580.614	1299
581.137	1330
581.661	1312
582.184	1324
582.707	1311
583.231	1320
583.754	1338
584.277	1349
584.8	1372
585.324	1340
585.847	1355
586.37	1387
586.893	1380
587.417	1388
587.94	1363
588.463	1385
588.986	1391
589.509	1376
590.032	1387
590.555	1399
591.078	1399
591.601	1415
592.124	1410
592.647	1419
593.17	1452
593.693	1435
594.216	1443
594.739	1454
595.262	1457
595.785	1475
596.308	1478
596.831	1464
597.354	1466
597.877	1475
598.399	1496
598.922	1462
599.445	1488
599.968	1486
600.49	1496
601.013	1501
601.536	1496
602.059	1543
602.581	1514
603.104	1541
603.627	1533
604.149	1530
604.672	1511
605.194	1538
605.717	1540
606.24	1533
606.762	1528
607.285	1566
607.807	1551
608.33	1562
608.852	1553
609.374	1542
609.897	1573
610.419	1554
610.942	1584
611.464	1577
611.986	1572
612.509	1604
613.031	1587
613.553	1602
614.076	1589
614.598	1601
615.12	1611
615.642	1620
616.165	1602
616.687	1611
617.209	1648
617.731	1638
618.253	1662
618.775	1658
619.297	1641
619.82	1677
620.342	1680
620.864	1644
621.386	1652
621.908	1666
622.43	1709
622.952	1697
623.474	1704
623.996	1736
624.518	1732
625.039	1705
625.561	1705
626.083	1720
626.605	1764
627.127	1729
627.649	1756
628.171	1730
628.692	1729
629.214	1713
629.736	1744
630.258	1721
630.779	1752
631.301	1751
631.823	1786
632.344	1783
632.866	1808
633.388	1753
633.909	1801
634.431	1765
634.952	1806
635.474	1837
635.995	1802
636.517	1796
637.038	1820
637.56	1808
638.081	1844
638.603	1862
639.124	1834
639.646	1881
640.167	1851
640.688	1854
641.21	1835
641.731	1869
642.252	1907
642.773	1896
643.295	1921
643.816	1908
644.337	1879
644.859	1911
645.38	1914
645.901	1919
646.422	1909
646.943	1894
647.464	1932
647.985	1957
648.506	1942
649.028	1899
649.549	1930
650.07	1965
650.591	1964
651.112	1974
651.633	2000
652.154	1972
652.674	1939
653.195	2016
653.716	1996
654.237	2013
654.758	1993
655.279	2018
655.8	2027
656.321	1989
656.841	1992
657.362	2008
657.883	1999
658.404	2031
658.924	2012
659.445	2047
659.966	2059
660.486	2063
661.007	2022
661.528	2057
662.048	2042
662.569	2046
663.089	2080
663.61	2057
664.13	2053
664.651	2028
665.171	2083
665.692	2058
666.212	2035
666.733	2100
667.253	2051
667.774	2076
668.294	2126
668.814	2108
669.335	2068
669.855	2130
670.375	2175
670.896	2085
671.416	2163
671.936	2094
672.456	2104
672.977	2143
673.497	2130
674.017	2142
674.537	2168
675.057	2116
675.577	2095
676.097	2159
676.617	2118
677.137	2147
677.657	2133
678.177	2100
678.698	2113
679.217	2166
679.737	2141
680.257	2152
680.777	2162
681.297	2158
681.817	2128
682.337	2127
682.857	2202
683.377	2155
683.896	2145
684.416	2178
684.936	2154
685.456	2172
685.975	2123
686.495	2158
687.015	2161
687.535	2183
688.054	2193
688.574	2214
689.093	2215
689.613	2221
690.133	2246
690.652	2203
691.172	2243
691.691	2261
692.211	2275
692.73	2280
693.25	2293
693.769	2253
694.289	2253
694.808	2267
695.327	2220
695.847	2243
696.366	2211
696.885	2286
697.405	2236
697.924	2273
698.443	2208
698.962	2248
699.482	2240
700.001	2289
700.52	2248
701.039	2287
701.558	2288
702.078	2253
702.597	2288
703.116	2245
703.635	2264
704.154	2269
704.673	2308
705.192	2241
705.711	2310
706.23	2311
706.749	2247
707.268	2322
707.787	2303
708.306	2347
708.824	2305
709.343	2320
709.862	2326
710.381	2281
710.9	2278
711.419	2308
711.937	2329
712.456	2356
712.975	2320
713.493	2365
714.012	2369
714.531	2328
715.049	2341
715.568	2372
716.087	2352
716.605	2366
717.124	2365
717.642	2383
718.161	2379
718.679	2359
719.198	2341
719.716	2342
720.235	2390
720.753	2423
721.272	2382
721.79	2369
722.308	2380
722.827	2413
723.345	2389
723.863	2388
724.382	2393
724.9	2392
725.418	2400
725.936	2383
726.455	2365
726.973	2409
727.491	2367
728.009	2414
728.527	2373
729.045	2418
729.563	2354
730.081	2349
730.599	2392
731.117	2398
731.635	2386
732.153	2332
732.671	2416
733.189	2404
733.707	2375
734.225	2401
734.743	2346
735.261	2364
735.779	2385
736.297	2456
736.814	2373
737.332	2363
737.85	2380
738.368	2405
738.885	2335
739.403	2410
739.921	2396
740.439	2405
740.956	2403
741.474	2423
741.991	2383
742.509	2320
743.027	2384
743.544	2368
744.062	2384
744.579	2399
745.097	2367
745.614	2380
746.131	2324
746.649	2377
747.166	2418
747.684	2360
748.201	2358
748.718	2297
749.236	2321
749.753	2326
750.27	2398
750.788	2289
751.305	2354
751.822	2329
752.339	2336
752.856	2301
753.374	2334
753.891	2332
754.408	2341
754.925	2328
755.442	2291
755.959	2346
756.476	2338
756.993	2348
757.51	2329
758.027	2295
758.544	2301
759.061	2283
759.578	2302
760.095	2318
760.612	2292
761.128	2287
761.645	2327
762.162	2268
762.679	2302
763.196	2312
763.712	2284
764.229	2320
764.746	2314
765.263	2322
765.779	2324
766.296	2334
766.812	2299
767.329	2281
767.846	2297
768.362	2304
768.879	2242
769.395	2295
769.912	2252
770.428	2276
770.945	2309
771.461	2248
771.978	2274
772.494	2294
773.01	2303
773.527	2273
774.043	2248
774.559	2277
775.076	2268
775.592	2266
776.108	2227
776.624	2210
777.141	2222
777.657	2166
778.173	2205
778.689	2251
779.205	2239
779.721	2244
780.237	2191
780.753	2170
781.27	2165
781.786	2203
782.302	2197
782.818	2199
783.333	2161
783.849	2204
784.365	2148
784.881	2142
785.397	2177
785.913	2162
786.429	2201
786.945	2195
787.46	2143
787.976	2141
788.492	2143
789.008	2136
789.523	2144
790.039	2159
790.555	2123
791.07	2132
791.586	2118
792.102	2107
792.617	2109
793.133	2153
793.648	2107
794.164	2085
794.679	2116
795.195	2087
795.71	2114
796.226	2048
796.741	2096
797.256	2068
797.772	2095
798.287	2074
798.802	2089
799.318	2073
799.833	2069
800.348	2063
800.864	2059
801.379	2081
801.894	2042
802.409	2047
802.924	2046
803.44	2031
803.955	2096
804.47	2073
804.985	2043
805.5	2024
806.015	2060
806.53	2014
807.045	2014
807.56	1971
808.075	2022
808.59	2030
809.105	2011
809.619	1989
810.134	2012
810.649	1949
811.164	1995
811.679	1966
812.194	1955
812.708	1954
813.223	1984
813.738	1974
814.252	1976
814.767	1989
815.282	1968
815.796	2016
816.311	1976
816.826	1944
817.34	2004
817.855	1970
818.369	1945
818.884	1978
819.398	1913
819.913	1941
820.427	1967
820.941	1966
821.456	1970
821.97	1965
822.484	1952
822.999	1972
823.513	1942
824.027	1938
824.542	1978
825.056	1917
825.57	1957
826.084	1938
826.598	1935
827.113	1947
827.627	1928
828.141	1957
828.655	1927
829.169	1929
829.683	1940
830.197	1947
830.711	1927
831.225	1959
831.739	1953
832.253	1964
832.767	1923
833.281	1985
833.795	1958
834.308	1925
834.822	1958
835.336	1917
835.85	1908
836.364	1938
836.877	1919
837.391	1924
837.905	1948
838.418	1944
838.932	1954
839.446	1900
839.959	1925
840.473	1917
840.986	1921
841.5	1940
842.013	1930
842.527	1896
843.04	1916
843.554	1940
844.067	1883
844.581	1901
845.094	1875
845.607	1934
846.121	1936
846.634	1937
847.147	1972
847.661	1933
848.174	1946
848.687	1941
849.2	1920
849.714	1920
850.227	1913
850.74	1916
851.253	1897
851.766	1909
852.279	1905
852.792	1891
853.305	1899
853.818	1922
854.331	1903
854.844	1918
855.357	1931
855.87	1894
856.383	1901
856.896	1974
857.409	1892
857.921	1864
858.434	1917
858.947	1912
859.46	1885
859.973	1947
860.485	1905
860.998	1898
861.511	1899
862.023	1912
862.536	1903
863.049	1926
863.561	1925
864.074	1888
864.586	1866
865.099	1875
865.611	1907
866.124	1906
866.636	1898
867.149	1884
867.661	1924
868.173	1912
868.686	1864
869.198	1915
869.71	1891
870.223	1891
870.735	1906
871.247	1920
871.759	1888
872.272	1891
872.784	1910
873.296	1885
873.808	1915
874.32	1930
874.832	1935
875.344	1893
875.856	1881
876.368	1919
876.88	1920
877.392	1872
877.904	1926
878.416	1881
878.928	1882
879.44	1888
879.952	1892
880.464	1836
880.976	1881
881.487	1886
881.999	1911
882.511	1854
883.023	1866
883.534	1862
884.046	1852
884.558	1905
885.069	1865
885.581	1841
886.093	1871
886.604	1859
887.116	1839
887.627	1861
888.139	1878
888.65	1864
889.162	1888
889.673	1819
890.185	1871
890.696	1888
891.207	1843
891.719	1840
892.23	1897
892.741	1867
893.253	1871
893.764	1879
894.275	1839
894.786	1852
895.297	1836
895.809	1819
896.32	1830
896.831	1827
897.342	1833
897.853	1831
898.364	1822
898.875	1827
899.386	1860
899.897	1815
900.408	1814
900.919	1835
901.43	1833
901.941	1854
902.451	1822
902.962	1806
903.473	1808
903.984	1792
904.495	1807
905.005	1823
905.516	1816
906.027	1811
906.538	1788
907.048	1771
907.559	1774
908.069	1729
908.58	1660
909.091	1607
909.601	1519
910.112	1393
910.622	1264
911.133	1181
911.643	1120
912.154	1064
912.664	1035
913.174	1020
913.685	1013
914.195	1012
914.705	1009
915.216	1010
915.726	1006
916.236	1005
916.746	1006
917.256	1001
917.767	1007
918.277	1002
918.787	1007
919.297	1003
919.807	1003
920.317	1005
920.827	1001
921.337	1000
921.847	1004
922.357	1002
922.867	1004
923.377	1002
923.887	1001
924.397	1002
924.906	1002
925.416	1005
925.926	999
926.436	1004
926.946	1001
927.455	1001
927.965	1001
928.475	1005
928.984	1001
929.494	1000
930.004	1002
930.513	1001
931.023	1002
931.532	1000
932.042	1004
932.551	1000
933.061	1002
933.57	1000
934.08	1003
934.589	1002
935.098	1000
935.608	1002
936.117	998
936.626	1001
937.136	1003
937.645	1001
938.154	1001
938.663	1000
939.173	1002
939.682	1000
940.191	1001
940.7	999
941.209	1000
941.718	1000
942.227	1001
942.736	1003
943.245	1002
943.754	1002
944.263	1001
944.772	1001
945.281	1000
945.79	999
946.299	999
946.807	1000
947.316	1000
947.825	998
948.334	1003
948.843	1001
949.351	1000
949.86	1002
950.369	1002
950.877	1000
951.386	1001
951.894	1002
952.403	1003
952.911	1005
953.42	1003
953.929	1001
954.437	1003
954.945	1001
955.454	1003
955.962	999
956.471	1000
956.979	1001
957.487	1001
957.996	1000
958.504	1001
959.012	1003
959.52	1000
960.029	1003
960.537	1003
961.045	1001
961.553	1001
962.061	1002
962.569	999
963.077	1004
963.585	1001
