432.895	1001
433.423	1000
433.95	998
434.478	1000
435.006	998
435.534	1000
436.062	999
436.589	998
437.117	997
437.645	1000
438.172	1001
438.7	1000
439.228	997
439.756	998
440.283	999
440.811	999
441.338	999
441.866	998
442.394	1000
442.921	1000
443.449	997
443.976	997
444.504	1000
445.031	999
445.559	1001
446.086	999
446.614	998
447.141	1002
447.669	999
448.196	998
448.724	1000
449.251	997
449.778	998
450.306	998
450.833	1000
451.361	997
451.888	996
452.415	997
452.943	997
453.47	999
453.997	999
454.524	1001
455.052	997
455.579	1000
456.106	997
456.633	998
457.16	1001
457.688	1000
458.215	998
458.742	996
459.269	999
459.796	996
460.323	999
460.85	1001
461.377	1000
461.904	997
462.431	999
462.958	999
463.485	997
464.012	999
464.539	999
465.066	999
465.593	1000
466.12	997
466.647	999
467.174	999
467.701	1001
468.228	999
468.755	997
469.282	1000
469.808	1000
470.335	997
470.862	997
471.389	998
471.915	998
472.442	1000
472.969	1000
473.496	996
474.022	999
474.549	1000
475.076	997
475.602	996
476.129	1000
476.656	1001
477.182	999
477.709	1004
478.235	1001
478.762	999
479.289	995
479.815	1001
480.342	1002
480.868	1000
481.395	999
481.921	1001
482.448	999
482.974	999
483.5	1000
484.027	999
484.553	1001
485.08	1000
485.606	1000
486.132	999
486.659	1001
487.185	999
487.711	1000
488.238	998
488.764	999
489.29	999
489.816	1000
490.343	999
490.869	1001
491.395	1000
491.921	1001
492.447	998
492.973	1000
493.5	999
494.026	999
494.552	1001
495.078	997
495.604	998
496.13	1000
496.656	997
497.182	1001
497.708	1001
498.234	999
498.76	997
499.286	999
499.812	997
500.338	1002
500.864	1000
501.39	1000
501.916	1001
502.441	999
502.967	1000
503.493	1000
504.019	1000
504.545	1000
505.071	1003
505.596	1000
506.122	1000
506.648	998
507.174	1000
507.699	1001
508.225	1000
508.751	997
509.276	1000
509.802	998
510.328	1000
510.853	1001
511.379	997
511.904	997
512.43	1000
512.955	1000
513.481	998
514.006	1001
514.532	1001
515.057	1000
515.583	1005
516.108	997
516.634	999
517.159	1001
517.685	1001
518.21	1007
518.735	999
519.261	1000
519.786	1001
520.311	1000
520.837	1002
521.362	1002
521.887	1002
522.413	1001
522.938	1001
523.463	1008
523.988	1004
524.513	1003
525.039	1003
525.564	1007
526.089	1004
526.614	1005
527.139	1004
527.664	1006
528.189	1009
528.714	1003
529.24	1007
529.765	1003
530.29	1010
530.815	1010
531.34	1009
531.865	1007
532.389	1009
532.914	1007
533.439	1015
533.964	1017
534.489	1008
535.014	1011
535.539	1013
536.064	1012
536.588	1010
537.113	1012
537.638	1021
538.163	1017
538.688	1015
539.212	1011
539.737	1017
540.262	1013
540.786	1014
541.311	1017
541.836	1010
542.36	1015
542.885	1017
543.41	1015
543.934	1013
544.459	1015
544.983	1018
545.508	1016
546.032	1017
546.557	1014
547.081	1018
547.606	1018
548.13	1017
548.655	1018
549.179	1016
549.704	1016
550.228	1021
550.752	1017
551.277	1021
551.801	1016
552.325	1017
552.85	1017
553.374	1016
553.898	1019
554.423	1021
554.947	1023
555.471	1022
555.995	1027
556.519	1025
557.044	1019
557.568	1023
558.092	1024
558.616	1019
559.14	1024
559.664	1024
560.188	1024
560.712	1029
561.236	1028
561.76	1029
562.284	1027
562.808	1030
563.332	1031
563.856	1028
564.38	1031
564.904	1026
565.428	1038
565.952	1035
566.476	1032
567	1042
567.523	1036
568.047	1035
568.571	1041
569.095	1042
569.619	1033
570.142	1045
570.666	1043
571.19	1044
571.714	1044
572.237	1044
572.761	1047
573.285	1055
573.808	1036
574.332	1043
574.855	1045
575.379	1058
575.903	1047
576.426	1045
576.95	1040
577.473	1041
577.997	1046
578.52	1041
579.044	1050
579.567	1045
580.09	1043
580.614	1036
581.137	1044
581.661	1045
582.184	1038
582.707	1038
583.231	1033
583.754	1047
584.277	1037
584.8	1035
585.324	1034
585.847	1044
586.37	1040
586.893	1031
587.417	1031
587.94	1037
588.463	1035
588.986	1036
589.509	1040
590.032	1041
590.555	1039
591.078	1043
591.601	1040
592.124	1039
592.647	1028
593.17	1031
593.693	1041
594.216	1037
594.739	1039
595.262	1046
595.785	1035
596.308	1036
596.831	1041
597.354	1040
597.877	1033
598.399	1040
598.922	1042
599.445	1045
599.968	1043
600.49	1041
601.013	1039
601.536	1041
602.059	1038
602.581	1043
603.104	1044
603.627	1038
604.149	1041
604.672	1044
605.194	1043
605.717	1044
606.24	1039
606.762	1048
607.285	1042
607.807	1047
608.33	1048
608.852	1045
609.374	1042
609.897	1054
610.419	1054
610.942	1050
611.464	1059
611.986	1057
612.509	1058
613.031	1055
613.553	1056
614.076	1051
614.598	1063
615.12	1057
615.642	1067
616.165	1060
616.687	1063
617.209	1066
617.731	1068
618.253	1064
618.775	1069
619.297	1060
619.82	1061
620.342	1068
620.864	1068
621.386	1053
621.908	1070
622.43	1073
622.952	1057
623.474	1068
623.996	1066
624.518	1059
625.039	1062
625.561	1066
626.083	1063
626.605	1050
627.127	1070
627.649	1054
628.171	1046
628.692	1057
629.214	1048
629.736	1050
630.258	1047
630.779	1057
631.301	1048
631.823	1055
632.344	1052
632.866	1056
633.388	1039
633.909	1049
634.431	1044
634.952	1050
635.474	1050
635.995	1051
636.517	1043
637.038	1050
637.56	1048
638.081	1053
638.603	1048
639.124	1042
639.646	1035
640.167	1043
640.688	1038
641.21	1047
641.731	1051
642.252	1050
642.773	1051
643.295	1048
643.816	1045
644.337	1048
644.859	1047
645.38	1042
645.901	1047
646.422	1051
646.943	1048
647.464	1052
647.985	1044
648.506	1052
649.028	1044
649.549	1053
650.07	1060
650.591	1045
651.112	1048
651.633	1044
652.154	1051
652.674	1055
653.195	1055
653.716	1049
654.237	1045
654.758	1055
655.279	1056
655.8	1064
656.321	1050
656.841	1058
657.362	1058
657.883	1058
658.404	1056
658.924	1082
659.445	1064
659.966	1070
660.486	1068
661.007	1066
661.528	1070
662.048	1074
662.569	1063
663.089	1067
663.61	1070
664.13	1077
664.651	1080
665.171	1082
665.692	1076
666.212	1079
666.733	1074
667.253	1073
667.774	1079
668.294	1070
668.814	1087
669.335	1098
669.855	1090
670.375	1081
670.896	1085
671.416	1087
671.936	1098
672.456	1077
672.977	1090
673.497	1092
674.017	1082
674.537	1100
675.057	1088
675.577	1088
676.097	1090
676.617	1084
677.137	1089
677.657	1087
678.177	1089
678.698	1076
679.217	1093
679.737	1088
680.257	1088
680.777	1088
681.297	1079
681.817	1077
682.337	1077
682.857	1075
683.377	1072
683.896	1082
684.416	1067
684.936	1074
685.456	1087
685.975	1074
686.495	1068
687.015	1080
687.535	1069
688.054	1072
688.574	1068
689.093	1079
689.613	1065
690.133	1083
690.652	1067
691.172	1076
691.691	1067
692.211	1070
692.73	1069
693.25	1067
693.769	1070
694.289	1062
694.808	1077
695.327	1072
695.847	1061
696.366	1065
696.885	1063
697.405	1072
697.924	1065
698.443	1056
698.962	1071
699.482	1065
700.001	1059
700.52	1068
701.039	1057
701.558	1078
702.078	1072
702.597	1071
703.116	1076
703.635	1068
704.154	1067
704.673	1072
705.192	1078
705.711	1068
706.23	1059
706.749	1071
707.268	1066
707.787	1063
708.306	1077
708.824	1079
709.343	1070
709.862	1071
710.381	1070
710.9	1077
711.419	1071
711.937	1078
712.456	1077
712.975	1075
713.493	1073
714.012	1083
714.531	1088
715.049	1076
715.568	1080
716.087	1083
716.605	1086
717.124	1080
717.642	1075
718.161	1085
718.679	1083
719.198	1083
719.716	1084
720.235	1076
720.753	1093
721.272	1091
721.79	1088
722.308	1086
722.827	1104
723.345	1095
723.863	1105
724.382	1115
724.9	1092
725.418	1088
725.936	1095
726.455	1093
726.973	1093
727.491	1099
728.009	1104
728.527	1096
729.045	1095
729.563	1086
730.081	1099
730.599	1108
731.117	1107
731.635	1102
732.153	1114
732.671	1105
733.189	1101
733.707	1095
734.225	1089
734.743	1107
735.261	1103
735.779	1102
736.297	1099
736.814	1117
737.332	1114
737.85	1107
738.368	1110
738.885	1108
739.403	1121
739.921	1119
740.439	1109
740.956	1102
741.474	1120
741.991	1110
742.509	1110
743.027	1113
743.544	1101
744.062	1109
744.579	1103
745.097	1109
745.614	1114
746.131	1102
746.649	1095
747.166	1091
747.684	1104
748.201	1099
748.718	1095
749.236	1089
749.753	1101
750.27	1082
750.788	1097
751.305	1091
751.822	1096
752.339	1092
752.856	1084
753.374	1096
753.891	1095
754.408	1085
754.925	1081
755.442	1080
755.959	1100
756.476	1088
756.993	1084
757.51	1079
758.027	1087
758.544	1079
759.061	1076
759.578	1088
760.095	1082
760.612	1081
761.128	1074
761.645	1077
762.162	1075
762.679	1079
763.196	1079
763.712	1070
764.229	1077
764.746	1078
765.263	1074
765.779	1068
766.296	1080
766.812	1074
767.329	1081
767.846	1078
768.362	1080
768.879	1079
769.395	1072
769.912	1065
770.428	1080
770.945	1076
771.461	1079
771.978	1070
772.494	1075
773.01	1072
773.527	1055
774.043	1061
774.559	1064
775.076	1068
775.592	1070
776.108	1079
776.624	1072
777.141	1071
777.657	1076
778.173	1075
778.689	1072
779.205	1069
779.721	1058
780.237	1070
780.753	1067
781.27	1064
781.786	1057
782.302	1067
782.818	1069
783.333	1072
783.849	1071
784.365	1070
784.881	1071
785.397	1071
785.913	1060
786.429	1064
786.945	1062
787.46	1062
787.976	1070
788.492	1071
789.008	1067
789.523	1072
790.039	1069
790.555	1064
791.07	1070
791.586	1069
792.102	1067
792.617	1055
793.133	1069
793.648	1078
794.164	1068
794.679	1069
795.195	1074
795.71	1065
796.226	1058
796.741	1065
797.256	1072
797.772	1064
798.287	1063
798.802	1071
799.318	1076
799.833	1070
800.348	1064
800.864	1078
801.379	1066
801.894	1072
802.409	1074
802.924	1079
803.44	1070
803.955	1070
804.47	1075
804.985	1065
805.5	1065
806.015	1065
806.53	1073
807.045	1068
807.56	1060
808.075	1064
808.59	1070
809.105	1073
809.619	1061
810.134	1075
810.649	1071
811.164	1071
811.679	1073
812.194	1083
812.708	1076
813.223	1075
813.738	1067
814.252	1078
814.767	1074
815.282	1070
815.796	1067
816.311	1078
816.826	1071
817.34	1061
817.855	1063
818.369	1072
818.884	1076
819.398	1072
819.913	1079
820.427	1067
820.941	1066
821.456	1075
821.97	1065
822.484	1070
822.999	1066
823.513	1057
824.027	1077
824.542	1065
825.056	1071
825.57	1063
826.084	1059
826.598	1068
827.113	1064
827.627	1058
828.141	1064
828.655	1044
829.169	1058
829.683	1065
830.197	1060
830.711	1053
831.225	1064
831.739	1054
832.253	1054
832.767	1052
833.281	1059
833.795	1056
834.308	1058
834.822	1047
835.336	1056
835.85	1060
836.364	1066
836.877	1057
837.391	1053
837.905	1061
838.418	1055
838.932	1051
839.446	1042
839.959	1046
840.473	1042
840.986	1043
841.5	1052
842.013	1050
842.527	1052
843.04	1055
843.554	1054
844.067	1050
844.581	1048
845.094	1053
845.607	1050
846.121	1057
846.634	1052
847.147	1049
847.661	1053
848.174	1047
848.687	1040
849.2	1042
849.714	1053
850.227	1053
850.74	1040
851.253	1053
851.766	1046
852.279	1049
852.792	1046
853.305	1047
853.818	1057
854.331	1047
854.844	1053
855.357	1048
855.87	1045
856.383	1051
856.896	1053
857.409	1052
857.921	1048
858.434	1048
858.947	1051
859.46	1044
859.973	1047
860.485	1046
860.998	1050
861.511	1062
862.023	1049
862.536	1054
863.049	1050
863.561	1038
864.074	1038
864.586	1044
865.099	1047
865.611	1047
866.124	1051
866.636	1048
867.149	1047
867.661	1050
868.173	1052
868.686	1055
869.198	1040
869.71	1050
870.223	1058
870.735	1052
871.247	1052
871.759	1054
872.272	1048
872.784	1050
873.296	1052
873.808	1049
874.32	1051
874.832	1052
875.344	1043
875.856	1069
876.368	1046
876.88	1059
877.392	1046
877.904	1052
878.416	1047
878.928	1050
879.44	1043
879.952	1052
880.464	1053
880.976	1058
881.487	1046
881.999	1059
882.511	1053
883.023	1057
883.534	1058
884.046	1053
884.558	1058
885.069	1058
885.581	1050
886.093	1055
886.604	1056
887.116	1049
887.627	1053
888.139	1056
888.65	1053
889.162	1057
889.673	1048
890.185	1055
890.696	1053
891.207	1054
891.719	1068
892.23	1063
892.741	1058
893.253	1062
893.764	1064
894.275	1056
894.786	1055
895.297	1056
895.809	1055
896.32	1058
896.831	1064
897.342	1062
897.853	1059
898.364	1061
898.875	1066
899.386	1069
899.897	1054
900.408	1066
900.919	1056
901.43	1071
901.941	1059
902.451	1064
902.962	1067
903.473	1058
903.984	1059
904.495	1057
905.005	1068
905.516	1063
906.027	1067
906.538	1065
907.048	1066
907.559	1054
908.069	1042
908.58	1045
909.091	1046
909.601	1036
910.112	1022
910.622	1021
911.133	1010
911.643	1006
912.154	1005
912.664	1000
913.174	999
913.685	1001
914.195	1000
914.705	1003
915.216	1001
915.726	998
916.236	999
916.746	999
917.256	997
917.767	998
918.277	1001
918.787	998
919.297	1000
919.807	1002
920.317	1001
920.827	999
921.337	1004
921.847	999
922.357	1000
922.867	996
923.377	1000
923.887	998
924.397	998
924.906	999
925.416	1002
925.926	998
926.436	999
926.946	999
927.455	1001
927.965	1000
928.475	998
928.984	1000
929.494	1001
930.004	995
930.513	998
931.023	1000
931.532	999
932.042	995
932.551	999
933.061	999
933.57	1000
934.08	1001
934.589	997
935.098	1001
935.608	998
936.117	999
936.626	998
937.136	999
937.645	1001
938.154	999
938.663	1001
939.173	996
939.682	1003
940.191	999
940.7	999
941.209	999
941.718	998
942.227	998
942.736	999
943.245	1000
943.754	1002
944.263	998
944.772	1000
945.281	1001
945.79	999
946.299	1002
946.807	1000
947.316	1001
947.825	999
948.334	1001
948.843	1000
949.351	1005
949.86	1002
950.369	1003
950.877	1003
951.386	1003
951.894	1005
952.403	1001
952.911	1005
953.42	1003
953.929	1001
954.437	1000
954.945	1001
955.454	1001
955.962	1003
956.471	1002
956.979	1001
957.487	997
957.996	1000
958.504	1002
959.012	1002
959.52	999
960.029	1001
960.537	1001
961.045	1000
961.553	1002
962.061	1000
962.569	1001
963.077	1000
963.585	1001
