432.895	998
433.423	1000
433.95	998
434.478	999
435.006	1000
435.534	1000
436.062	1000
436.589	999
437.117	999
437.645	1000
438.172	998
438.7	997
439.228	1000
439.756	1002
440.283	998
440.811	1000
441.338	999
441.866	1002
442.394	1000
442.921	999
443.449	996
443.976	998
444.504	998
445.031	1000
445.559	1000
446.086	999
446.614	997
447.141	998
447.669	1001
448.196	996
448.724	998
449.251	1001
449.778	998
450.306	998
450.833	998
451.361	999
451.888	998
452.415	998
452.943	999
453.47	1000
453.997	1001
454.524	1000
455.052	1000
455.579	998
456.106	998
456.633	999
457.16	999
457.688	999
458.215	1002
458.742	999
459.269	998
459.796	1000
460.323	1001
460.85	1001
461.377	997
461.904	999
462.431	1001
462.958	999
463.485	998
464.012	999
464.539	999
465.066	999
465.593	999
466.12	1001
466.647	998
467.174	1000
467.701	998
468.228	996
468.755	1000
469.282	1002
469.808	999
470.335	998
470.862	997
471.389	998
471.915	997
472.442	997
472.969	997
473.496	999
474.022	998
474.549	998
475.076	999
475.602	1000
476.129	1001
476.656	998
477.182	1000
477.709	1001
478.235	999
478.762	1000
479.289	998
479.815	998
480.342	998
480.868	999
481.395	999
481.921	998
482.448	998
482.974	998
483.5	997
484.027	1001
484.553	1000
485.08	998
485.606	999
486.132	998
486.659	1000
487.185	998
487.711	998
488.238	997
488.764	1000
489.29	998
489.816	996
490.343	998
490.869	997
491.395	998
491.921	998
492.447	998
492.973	1001
493.5	1000
494.026	998
494.552	997
495.078	999
495.604	996
496.13	998
496.656	997
497.182	997
497.708	999
498.234	1001
498.76	1002
499.286	999
499.812	1001
500.338	997
500.864	1001
501.39	1000
501.916	1001
502.441	1000
502.967	1003
503.493	1001
504.019	1002
504.545	1001
505.071	1003
505.596	1003
506.122	999
506.648	999
507.174	1004
507.699	1005
508.225	1004
508.751	1002
509.276	1002
509.802	999
510.328	1004
510.853	1001
511.379	1007
511.904	1006
512.43	1003
512.955	1002
513.481	1002
514.006	1006
514.532	1006
515.057	1004
515.583	1005
516.108	1001
516.634	1006
517.159	1002
517.685	1005
518.21	1005
518.735	1004
519.261	1006
519.786	1002
520.311	1005
520.837	1004
521.362	1005
521.887	1007
522.413	1005
522.938	1008
523.463	1008
523.988	1004
524.513	1007
525.039	1006
525.564	1005
526.089	1006
526.614	1006
527.139	1008
527.664	1010
528.189	1005
528.714	1008
529.24	1007
529.765	1011
530.29	1010
530.815	1013
531.34	1006
531.865	1003
532.389	1009
532.914	1007
533.439	1009
533.964	1009
534.489	1011
535.014	1014
535.539	1016
536.064	1014
536.588	1010
537.113	1013
537.638	1021
538.163	1013
538.688	1014
539.212	1023
539.737	1025
540.262	1021
540.786	1017
541.311	1018
541.836	1022
542.36	1021
542.885	1028
543.41	1023
543.934	1024
544.459	1028
544.983	1020
545.508	1027
546.032	1024
546.557	1034
547.081	1032
547.606	1038
548.13	1030
548.655	1030
549.179	1035
549.704	1040
550.228	1038
550.752	1036
551.277	1045
551.801	1038
552.325	1036
552.85	1036
553.374	1048
553.898	1041
554.423	1038
554.947	1052
555.471	1050
555.995	1050
556.519	1048
557.044	1065
557.568	1051
558.092	1057
558.616	1056
559.14	1054
559.664	1064
560.188	1065
560.712	1056
561.236	1061
561.76	1064
562.284	1082
562.808	1077
563.332	1072
563.856	1076
564.38	1076
564.904	1089
565.428	1074
565.952	1089
566.476	1092
567	1087
567.523	1088
568.047	1090
568.571	1091
569.095	1101
569.619	1101
570.142	1106
570.666	1089
571.19	1115
571.714	1103
572.237	1095
572.761	1099
573.285	1117
573.808	1123
574.332	1115
574.855	1102
575.379	1121
575.903	1130
576.426	1119
576.95	1125
577.473	1115
577.997	1116
578.52	1123
579.044	1121
579.567	1130
580.09	1136
580.614	1138
581.137	1135
581.661	1132
582.184	1141
582.707	1150
583.231	1140
583.754	1147
584.277	1149
584.8	1159
585.324	1169
585.847	1150
586.37	1158
586.893	1167
587.417	1163
587.94	1162
588.463	1156
588.986	1183
589.509	1178
590.032	1177
590.555	1179
591.078	1160
591.601	1186
592.124	1169
592.647	1178
593.17	1181
593.693	1172
594.216	1183
594.739	1191
595.262	1211
595.785	1184
596.308	1196
596.831	1206
597.354	1201
597.877	1201
598.399	1195
598.922	1215
599.445	1186
599.968	1204
600.49	1201
601.013	1225
601.536	1197
602.059	1208
602.581	1207
603.104	1203
603.627	1207
604.149	1212
604.672	1218
605.194	1208
605.717	1221
606.24	1202
606.762	1209
607.285	1210
607.807	1211
608.33	1208
608.852	1219
609.374	1214
609.897	1227
610.419	1221
610.942	1217
611.464	1235
611.986	1218
612.509	1219
613.031	1226
613.553	1214
614.076	1236
614.598	1236
615.12	1234
615.642	1230
616.165	1241
616.687	1239
617.209	1228
617.731	1237
618.253	1237
618.775	1240
619.297	1232
619.82	1265
620.342	1248
620.864	1255
621.386	1260
621.908	1262
622.43	1263
622.952	1266
623.474	1253
623.996	1274
624.518	1255
625.039	1272
625.561	1253
626.083	1270
626.605	1276
627.127	1261
627.649	1268
628.171	1281
628.692	1277
629.214	1281
629.736	1286
630.258	1291
630.779	1292
631.301	1287
631.823	1292
632.344	1278
632.866	1295
633.388	1280
633.909	1303
634.431	1306
634.952	1315
635.474	1304
635.995	1292
636.517	1296
637.038	1292
637.56	1302
638.081	1323
638.603	1305
639.124	1328
639.646	1320
640.167	1301
640.688	1310
641.21	1313
641.731	1346
642.252	1332
642.773	1328
643.295	1327
643.816	1323
644.337	1313
644.859	1344
645.38	1319
645.901	1351
646.422	1308
646.943	1346
647.464	1338
647.985	1353
648.506	1357
649.028	1337
649.549	1372
650.07	1383
650.591	1342
651.112	1375
651.633	1389
652.154	1352
652.674	1359
653.195	1368
653.716	1377
654.237	1370
654.758	1380
655.279	1386
655.8	1370
656.321	1378
656.841	1396
657.362	1383
657.883	1376
658.404	1382
658.924	1419
659.445	1397
659.966	1401
660.486	1409
661.007	1381
661.528	1412
662.048	1396
662.569	1379
663.089	1423
663.61	1419
664.13	1406
664.651	1427
665.171	1401
665.692	1360
666.212	1430
666.733	1432
667.253	1415
667.774	1441
668.294	1414
668.814	1445
669.335	1432
669.855	1436
670.375	1420
670.896	1429
671.416	1456
671.936	1439
672.456	1449
672.977	1434
673.497	1420
674.017	1421
674.537	1439
675.057	1449
675.577	1465
676.097	1442
676.617	1442
677.137	1445
677.657	1442
678.177	1454
678.698	1468
679.217	1459
679.737	1457
680.257	1472
680.777	1440
681.297	1451
681.817	1475
682.337	1477
682.857	1473
683.377	1459
683.896	1458
684.416	1458
684.936	1469
685.456	1466
685.975	1490
686.495	1478
687.015	1484
687.535	1472
688.054	1494
688.574	1476
689.093	1481
689.613	1506
690.133	1499
690.652	1502
691.172	1518
691.691	1496
692.211	1536
692.73	1517
693.25	1522
693.769	1519
694.289	1506
694.808	1534
695.327	1516
695.847	1526
696.366	1519
696.885	1522
697.405	1529
697.924	1533
698.443	1525
698.962	1536
699.482	1517
700.001	1523
700.52	1531
701.039	1545
701.558	1557
702.078	1544
702.597	1523
703.116	1553
703.635	1513
704.154	1537
704.673	1561
705.192	1562
705.711	1557
706.23	1549
706.749	1573
707.268	1580
707.787	1591
708.306	1582
708.824	1559
709.343	1584
709.862	1558
710.381	1568
710.9	1568
711.419	1585
711.937	1592
712.456	1605
712.975	1575
713.493	1594
714.012	1603
714.531	1610
715.049	1563
715.568	1585
716.087	1604
716.605	1604
717.124	1593
717.642	1590
718.161	1619
718.679	1609
719.198	1585
719.716	1585
720.235	1608
720.753	1600
721.272	1613
721.79	1615
722.308	1603
722.827	1620
723.345	1597
723.863	1604
724.382	1613
724.9	1615
725.418	1621
725.936	1630
726.455	1618
726.973	1637
727.491	1649
728.009	1617
728.527	1643
729.045	1613
729.563	1643
730.081	1632
730.599	1634
731.117	1639
731.635	1600
732.153	1615
732.671	1616
733.189	1631
733.707	1619
734.225	1592
734.743	1642
735.261	1609
735.779	1609
736.297	1632
736.814	1630
737.332	1624
737.85	1648
738.368	1617
738.885	1658
739.403	1641
739.921	1633
740.439	1639
740.956	1652
741.474	1640
741.991	1640
742.509	1649
743.027	1640
743.544	1668
744.062	1635
744.579	1655
745.097	1635
745.614	1634
746.131	1627
746.649	1626
747.166	1604
747.684	1649
748.201	1633
748.718	1622
749.236	1624
749.753	1628
750.27	1633
750.788	1644
751.305	1638
751.822	1635
752.339	1639
752.856	1641
753.374	1654
753.891	1646
754.408	1646
754.925	1645
755.442	1638
755.959	1659
756.476	1595
756.993	1630
757.51	1655
758.027	1612
758.544	1631
759.061	1639
759.578	1648
760.095	1638
760.612	1628
761.128	1604
761.645	1621
762.162	1613
762.679	1627
763.196	1612
763.712	1609
764.229	1625
764.746	1636
765.263	1637
765.779	1623
766.296	1598
766.812	1636
767.329	1623
767.846	1625
768.362	1627
768.879	1650
769.395	1611
769.912	1616
770.428	1628
770.945	1628
771.461	1660
771.978	1647
772.494	1607
773.01	1616
773.527	1642
774.043	1624
774.559	1623
775.076	1583
775.592	1625
776.108	1627
776.624	1643
777.141	1629
777.657	1599
778.173	1602
778.689	1606
779.205	1605
779.721	1608
780.237	1600
780.753	1594
781.27	1625
781.786	1619
782.302	1597
782.818	1617
783.333	1618
783.849	1589
784.365	1599
784.881	1549
785.397	1569
785.913	1566
786.429	1580
786.945	1593
787.46	1572
787.976	1594
788.492	1571
789.008	1591
789.523	1588
790.039	1604
790.555	1553
791.07	1578
791.586	1546
792.102	1520
792.617	1552
793.133	1569
793.648	1543
794.164	1560
794.679	1563
795.195	1549
795.71	1570
796.226	1508
796.741	1557
797.256	1530
797.772	1578
798.287	1522
798.802	1572
799.318	1542
799.833	1528
800.348	1574
800.864	1550
801.379	1502
801.894	1511
802.409	1522
802.924	1560
803.44	1512
803.955	1545
804.47	1515
804.985	1522
805.5	1525
806.015	1530
806.53	1523
807.045	1521
807.56	1512
808.075	1508
808.59	1530
809.105	1506
809.619	1537
810.134	1525
810.649	1508
811.164	1515
811.679	1507
812.194	1491
812.708	1517
813.223	1488
813.738	1522
814.252	1528
814.767	1471
815.282	1499
815.796	1486
816.311	1468
816.826	1521
817.34	1493
817.855	1488
818.369	1494
818.884	1455
819.398	1491
819.913	1509
820.427	1496
820.941	1472
821.456	1494
821.97	1529
822.484	1480
822.999	1486
823.513	1489
824.027	1489
824.542	1488
825.056	1480
825.57	1476
826.084	1469
826.598	1464
827.113	1490
827.627	1486
828.141	1488
828.655	1452
829.169	1466
829.683	1520
830.197	1470
830.711	1460
831.225	1486
831.739	1472
832.253	1496
832.767	1490
833.281	1475
833.795	1460
834.308	1489
834.822	1487
835.336	1503
835.85	1459
836.364	1465
836.877	1465
837.391	1453
837.905	1473
838.418	1481
838.932	1491
839.446	1458
839.959	1472
840.473	1467
840.986	1486
841.5	1463
842.013	1480
842.527	1446
843.04	1478
843.554	1505
844.067	1473
844.581	1472
845.094	1453
845.607	1472
846.121	1433
846.634	1465
847.147	1477
847.661	1486
848.174	1475
848.687	1489
849.2	1488
849.714	1455
850.227	1479
850.74	1473
851.253	1471
851.766	1492
852.279	1468
852.792	1487
853.305	1484
853.818	1469
854.331	1488
854.844	1451
855.357	1459
855.87	1471
856.383	1469
856.896	1476
857.409	1453
857.921	1468
858.434	1490
858.947	1460
859.46	1471
859.973	1473
860.485	1477
860.998	1463
861.511	1503
862.023	1459
862.536	1452
863.049	1472
863.561	1463
864.074	1480
864.586	1469
865.099	1483
865.611	1466
866.124	1485
866.636	1478
867.149	1451
867.661	1468
868.173	1461
868.686	1467
869.198	1467
869.71	1505
870.223	1474
870.735	1494
871.247	1459
871.759	1429
872.272	1491
872.784	1455
873.296	1471
873.808	1469
874.32	1458
874.832	1460
875.344	1475
875.856	1463
876.368	1469
876.88	1436
877.392	1484
877.904	1471
878.416	1476
878.928	1467
879.44	1476
879.952	1478
880.464	1469
880.976	1463
881.487	1432
881.999	1458
882.511	1450
883.023	1455
883.534	1439
884.046	1448
884.558	1436
885.069	1451
885.581	1439
886.093	1459
886.604	1453
887.116	1433
887.627	1473
888.139	1438
888.65	1454
889.162	1445
889.673	1461
890.185	1431
890.696	1440
891.207	1443
891.719	1457
892.23	1453
892.741	1438
893.253	1450
893.764	1435
894.275	1448
894.786	1431
895.297	1440
895.809	1452
896.32	1432
896.831	1460
897.342	1445
897.853	1451
898.364	1434
898.875	1438
899.386	1437
899.897	1420
900.408	1453
900.919	1430
901.43	1433
901.941	1444
902.451	1422
902.962	1443
903.473	1423
903.984	1424
904.495	1423
905.005	1412
905.516	1424
906.027	1390
906.538	1415
907.048	1406
907.559	1399
908.069	1400
908.58	1351
909.091	1318
909.601	1284
910.112	1220
910.622	1162
911.133	1089
911.643	1050
912.154	1031
912.664	1016
913.174	1004
913.685	1010
914.195	1003
914.705	1006
915.216	1003
915.726	1000
916.236	1000
916.746	1003
917.256	1003
917.767	999
918.277	1002
918.787	1001
919.297	1002
919.807	1000
920.317	1002
920.827	1002
921.337	1002
921.847	1000
922.357	1000
922.867	1000
923.377	1000
923.887	1004
924.397	999
924.906	1001
925.416	1001
925.926	999
926.436	1001
926.946	1001
927.455	1001
927.965	999
928.475	998
928.984	1000
929.494	1001
930.004	1001
930.513	1000
931.023	1000
931.532	1002
932.042	1001
932.551	999
933.061	998
933.57	1001
934.08	999
934.589	1000
935.098	1004
935.608	1000
936.117	1001
936.626	1004
937.136	1001
937.645	998
938.154	1000
938.663	999
939.173	1001
939.682	1000
940.191	998
940.7	1000
941.209	1002
941.718	1001
942.227	1000
942.736	999
943.245	998
943.754	1000
944.263	999
944.772	997
945.281	998
945.79	1001
946.299	1002
946.807	999
947.316	1000
947.825	998
948.334	999
948.843	1000
949.351	999
949.86	999
950.369	1001
950.877	1000
951.386	999
951.894	1004
952.403	999
952.911	1004
953.42	1004
953.929	1002
954.437	1002
954.945	998
955.454	1001
955.962	1001
956.471	1001
956.979	1000
957.487	1003
957.996	1001
958.504	999
959.012	1000
959.52	1000
960.029	1003
960.537	1004
961.045	1003
961.553	1000
962.061	1001
962.569	1001
963.077	1002
963.585	1000
