432.895	999
433.423	1002
433.95	1000
434.478	1001
435.006	1000
435.534	999
436.062	1000
436.589	1001
437.117	1001
437.645	1001
438.172	1000
438.7	1001
439.228	1001
439.756	1000
440.283	998
440.811	1000
441.338	1001
441.866	999
442.394	998
442.921	999
443.449	999
443.976	999
444.504	999
445.031	1001
445.559	999
446.086	999
446.614	999
447.141	999
447.669	998
448.196	999
448.724	1001
449.251	998
449.778	999
450.306	998
450.833	1000
451.361	1003
451.888	997
452.415	999
452.943	1001
453.47	999
453.997	998
454.524	1002
455.052	997
455.579	997
456.106	999
456.633	998
457.16	1000
457.688	1002
458.215	999
458.742	997
459.269	999
459.796	999
460.323	996
460.85	1001
461.377	997
461.904	996
462.431	1000
462.958	1002
463.485	998
464.012	1000
464.539	1000
465.066	1002
465.593	1000
466.12	1001
466.647	998
467.174	998
467.701	996
468.228	998
468.755	997
469.282	1000
469.808	1000
470.335	1001
470.862	1000
471.389	1001
471.915	999
472.442	1002
472.969	999
473.496	999
474.022	997
474.549	999
475.076	1001
475.602	1002
476.129	1000
476.656	995
477.182	998
477.709	1003
478.235	1000
478.762	998
479.289	997
479.815	999
480.342	999
480.868	999
481.395	999
481.921	999
482.448	997
482.974	1002
483.5	999
484.027	1002
484.553	999
485.08	1000
485.606	1000
486.132	999
486.659	998
487.185	1000
487.711	1001
488.238	999
488.764	999
489.29	998
489.816	998
490.343	1003
490.869	1001
491.395	1000
491.921	1000
492.447	999
492.973	998
493.5	1002
494.026	1001
494.552	999
495.078	999
495.604	997
496.13	1000
496.656	999
497.182	1000
497.708	1000
498.234	1003
498.76	999
499.286	998
499.812	1003
500.338	1002
500.864	1006
501.39	1003
501.916	1007
502.441	1004
502.967	1005
503.493	1005
504.019	1005
504.545	1008
505.071	1006
505.596	1010
506.122	1004
506.648	1007
507.174	1007
507.699	1007
508.225	1009
508.751	1008
509.276	1007
509.802	1009
510.328	1010
510.853	1010
511.379	1009
511.904	1011
512.43	1011
512.955	1008
513.481	1013
514.006	1007
514.532	1007
515.057	1006
515.583	1009
516.108	1014
516.634	1012
517.159	1010
517.685	1010
518.21	1014
518.735	1007
519.261	1010
519.786	1015
520.311	1012
520.837	1013
521.362	1014
521.887	1018
522.413	1016
522.938	1017
523.463	1011
523.988	1018
524.513	1016
525.039	1017
525.564	1017
526.089	1022
526.614	1023
527.139	1024
527.664	1026
528.189	1025
528.714	1029
529.24	1040
529.765	1041
530.29	1035
530.815	1041
531.34	1034
531.865	1030
532.389	1038
532.914	1040
533.439	1043
533.964	1046
534.489	1055
535.014	1059
535.539	1067
536.064	1059
536.588	1069
537.113	1062
537.638	1067
538.163	1072
538.688	1076
539.212	1068
539.737	1077
540.262	1078
540.786	1084
541.311	1084
541.836	1081
542.36	1097
542.885	1090
543.41	1109
543.934	1085
544.459	1106
544.983	1122
545.508	1111
546.032	1106
546.557	1106
547.081	1114
547.606	1116
548.13	1104
548.655	1106
549.179	1124
549.704	1130
550.228	1129
550.752	1120
551.277	1121
551.801	1131
552.325	1131
552.85	1127
553.374	1141
553.898	1143
554.423	1141
554.947	1150
555.471	1174
555.995	1164
556.519	1161
557.044	1185
557.568	1183
558.092	1182
558.616	1187
559.14	1191
559.664	1221
560.188	1213
560.712	1218
561.236	1255
561.76	1259
562.284	1242
562.808	1257
563.332	1277
563.856	1305
564.38	1283
564.904	1294
565.428	1310
565.952	1303
566.476	1330
567	1344
567.523	1344
568.047	1373
568.571	1411
569.095	1383
569.619	1406
570.142	1405
570.666	1411
571.19	1431
571.714	1414
572.237	1441
572.761	1446
573.285	1449
573.808	1430
574.332	1441
574.855	1444
575.379	1468
575.903	1449
576.426	1468
576.95	1458
577.473	1457
577.997	1450
578.52	1463
579.044	1416
579.567	1431
580.09	1428
580.614	1429
581.137	1418
581.661	1435
582.184	1433
582.707	1396
583.231	1404
583.754	1404
584.277	1396
584.8	1390
585.324	1374
585.847	1361
586.37	1380
586.893	1383
587.417	1379
587.94	1364
588.463	1373
588.986	1386
589.509	1376
590.032	1371
590.555	1389
591.078	1389
591.601	1360
592.124	1350
592.647	1386
593.17	1354
593.693	1359
594.216	1383
594.739	1365
595.262	1396
595.785	1364
596.308	1382
596.831	1379
597.354	1370
597.877	1380
598.399	1387
598.922	1380
599.445	1366
599.968	1372
600.49	1399
601.013	1398
601.536	1392
602.059	1419
602.581	1411
603.104	1417
603.627	1406
604.149	1434
604.672	1424
605.194	1447
605.717	1470
606.24	1470
606.762	1449
607.285	1442
607.807	1489
608.33	1468
608.852	1446
609.374	1489
609.897	1495
610.419	1505
610.942	1515
611.464	1542
611.986	1531
612.509	1516
613.031	1569
613.553	1526
614.076	1569
614.598	1568
615.12	1566
615.642	1537
616.165	1557
616.687	1561
617.209	1580
617.731	1576
618.253	1592
618.775	1609
619.297	1594
619.82	1553
620.342	1555
620.864	1571
621.386	1585
621.908	1550
622.43	1555
622.952	1575
623.474	1564
623.996	1537
624.518	1549
625.039	1507
625.561	1523
626.083	1497
626.605	1523
627.127	1538
627.649	1461
628.171	1472
628.692	1462
629.214	1458
629.736	1480
630.258	1453
630.779	1457
631.301	1468
631.823	1409
632.344	1418
632.866	1424
633.388	1436
633.909	1417
634.431	1400
634.952	1403
635.474	1405
635.995	1383
636.517	1376
637.038	1389
637.56	1359
638.081	1374
638.603	1364
639.124	1382
639.646	1376
640.167	1380
640.688	1361
641.21	1366
641.731	1353
642.252	1386
642.773	1372
643.295	1361
643.816	1355
644.337	1394
644.859	1356
645.38	1365
645.901	1355
646.422	1351
646.943	1354
647.464	1358
647.985	1376
648.506	1381
649.028	1364
649.549	1388
650.07	1383
650.591	1380
651.112	1390
651.633	1391
652.154	1388
652.674	1387
653.195	1363
653.716	1379
654.237	1392
654.758	1400
655.279	1410
655.8	1416
656.321	1394
656.841	1427
657.362	1404
657.883	1421
658.404	1444
658.924	1435
659.445	1443
659.966	1442
660.486	1451
661.007	1465
661.528	1443
662.048	1463
662.569	1493
663.089	1478
663.61	1480
664.13	1460
664.651	1485
665.171	1465
665.692	1472
666.212	1499
666.733	1498
667.253	1479
667.774	1527
668.294	1509
668.814	1522
669.335	1520
669.855	1530
670.375	1536
670.896	1564
671.416	1540
671.936	1530
672.456	1551
672.977	1520
673.497	1552
674.017	1535
674.537	1532
675.057	1529
675.577	1519
676.097	1557
676.617	1515
677.137	1526
677.657	1514
678.177	1485
678.698	1518
679.217	1527
679.737	1502
680.257	1502
680.777	1505
681.297	1493
681.817	1472
682.337	1485
682.857	1436
683.377	1450
683.896	1417
684.416	1419
684.936	1414
685.456	1446
685.975	1432
686.495	1414
687.015	1420
687.535	1428
688.054	1418
688.574	1399
689.093	1408
689.613	1418
690.133	1387
690.652	1398
691.172	1381
691.691	1399
692.211	1383
692.73	1374
693.25	1361
693.769	1382
694.289	1351
694.808	1350
695.327	1373
695.847	1367
696.366	1371
696.885	1358
697.405	1364
697.924	1344
698.443	1342
698.962	1361
699.482	1354
700.001	1331
700.52	1353
701.039	1345
701.558	1346
702.078	1340
702.597	1339
703.116	1345
703.635	1322
704.154	1346
704.673	1332
705.192	1339
705.711	1321
706.23	1370
706.749	1328
707.268	1328
707.787	1329
708.306	1343
708.824	1337
709.343	1356
709.862	1352
710.381	1358
710.9	1363
711.419	1355
711.937	1341
712.456	1335
712.975	1363
713.493	1357
714.012	1370
714.531	1335
715.049	1365
715.568	1357
716.087	1393
716.605	1387
717.124	1391
717.642	1381
718.161	1379
718.679	1393
719.198	1375
719.716	1383
720.235	1389
720.753	1370
721.272	1396
721.79	1414
722.308	1402
722.827	1392
723.345	1405
723.863	1424
724.382	1394
724.9	1406
725.418	1433
725.936	1420
726.455	1454
726.973	1432
727.491	1421
728.009	1422
728.527	1433
729.045	1452
729.563	1449
730.081	1432
730.599	1463
731.117	1456
731.635	1470
732.153	1452
732.671	1477
733.189	1457
733.707	1468
734.225	1486
734.743	1464
735.261	1446
735.779	1478
736.297	1453
736.814	1476
737.332	1486
737.85	1471
738.368	1490
738.885	1453
739.403	1508
739.921	1476
740.439	1484
740.956	1457
741.474	1482
741.991	1477
742.509	1502
743.027	1438
743.544	1454
744.062	1467
744.579	1442
745.097	1411
745.614	1433
746.131	1429
746.649	1412
747.166	1419
747.684	1421
748.201	1397
748.718	1382
749.236	1381
749.753	1384
750.27	1371
750.788	1370
751.305	1385
751.822	1380
752.339	1377
752.856	1368
753.374	1343
753.891	1365
754.408	1363
754.925	1358
755.442	1339
755.959	1343
756.476	1348
756.993	1353
757.51	1313
758.027	1317
758.544	1326
759.061	1334
759.578	1312
760.095	1331
760.612	1305
761.128	1304
761.645	1300
762.162	1305
762.679	1302
763.196	1287
763.712	1295
764.229	1306
764.746	1286
765.263	1297
765.779	1297
766.296	1289
766.812	1289
767.329	1288
767.846	1271
768.362	1269
768.879	1284
769.395	1267
769.912	1265
770.428	1253
770.945	1271
771.461	1276
771.978	1261
772.494	1279
773.01	1246
773.527	1243
774.043	1245
774.559	1259
775.076	1249
775.592	1257
776.108	1245
776.624	1260
777.141	1249
777.657	1263
778.173	1248
778.689	1273
779.205	1257
779.721	1249
780.237	1245
780.753	1247
781.27	1228
781.786	1243
782.302	1240
782.818	1260
783.333	1230
783.849	1251
784.365	1249
784.881	1235
785.397	1227
785.913	1259
786.429	1242
786.945	1240
787.46	1232
787.976	1233
788.492	1250
789.008	1230
789.523	1250
790.039	1255
790.555	1229
791.07	1257
791.586	1243
792.102	1232
792.617	1233
793.133	1251
793.648	1243
794.164	1228
794.679	1226
795.195	1236
795.71	1224
796.226	1218
796.741	1260
797.256	1248
797.772	1249
798.287	1237
798.802	1251
799.318	1235
799.833	1247
800.348	1252
800.864	1250
801.379	1249
801.894	1228
802.409	1265
802.924	1256
803.44	1261
803.955	1250
804.47	1250
804.985	1257
805.5	1254
806.015	1242
806.53	1244
807.045	1244
807.56	1254
808.075	1249
808.59	1250
809.105	1241
809.619	1243
810.134	1279
810.649	1241
811.164	1241
811.679	1233
812.194	1258
812.708	1241
813.223	1247
813.738	1249
814.252	1273
814.767	1264
815.282	1253
815.796	1254
816.311	1240
816.826	1252
817.34	1235
817.855	1241
818.369	1222
818.884	1255
819.398	1221
819.913	1230
820.427	1226
820.941	1239
821.456	1245
821.97	1216
822.484	1231
822.999	1221
823.513	1219
824.027	1231
824.542	1237
825.056	1199
825.57	1241
826.084	1205
826.598	1225
827.113	1199
827.627	1193
828.141	1190
828.655	1202
829.169	1199
829.683	1198
830.197	1187
830.711	1196
831.225	1180
831.739	1185
832.253	1185
832.767	1181
833.281	1190
833.795	1189
834.308	1187
834.822	1185
835.336	1202
835.85	1180
836.364	1167
836.877	1185
837.391	1173
837.905	1159
838.418	1167
838.932	1182
839.446	1168
839.959	1180
840.473	1174
840.986	1150
841.5	1164
842.013	1162
842.527	1168
843.04	1167
843.554	1150
844.067	1177
844.581	1170
845.094	1172
845.607	1160
846.121	1171
846.634	1144
847.147	1157
847.661	1173
848.174	1164
848.687	1163
849.2	1155
849.714	1155
850.227	1156
850.74	1145
851.253	1139
851.766	1160
852.279	1165
852.792	1142
853.305	1162
853.818	1157
854.331	1160
854.844	1157
855.357	1158
855.87	1161
856.383	1156
856.896	1162
857.409	1154
857.921	1150
858.434	1168
858.947	1156
859.46	1146
859.973	1163
860.485	1161
860.998	1150
861.511	1158
862.023	1153
862.536	1164
863.049	1159
863.561	1160
864.074	1153
864.586	1145
865.099	1152
865.611	1161
866.124	1158
866.636	1145
867.149	1155
867.661	1141
868.173	1142
868.686	1160
869.198	1175
869.71	1160
870.223	1152
870.735	1160
871.247	1166
871.759	1161
872.272	1171
872.784	1162
873.296	1154
873.808	1167
874.32	1172
874.832	1159
875.344	1169
875.856	1173
876.368	1170
876.88	1174
877.392	1141
877.904	1177
878.416	1163
878.928	1156
879.44	1160
879.952	1167
880.464	1187
880.976	1184
881.487	1174
881.999	1188
882.511	1164
883.023	1171
883.534	1160
884.046	1158
884.558	1166
885.069	1171
885.581	1171
886.093	1190
886.604	1167
887.116	1176
887.627	1158
888.139	1169
888.65	1171
889.162	1166
889.673	1161
890.185	1176
890.696	1198
891.207	1178
891.719	1178
892.23	1167
892.741	1188
893.253	1190
893.764	1186
894.275	1179
894.786	1189
895.297	1180
895.809	1189
896.32	1189
896.831	1196
897.342	1175
897.853	1189
898.364	1196
898.875	1190
899.386	1194
899.897	1198
900.408	1193
900.919	1183
901.43	1192
901.941	1191
902.451	1203
902.962	1184
903.473	1192
903.984	1189
904.495	1206
905.005	1182
905.516	1192
906.027	1197
906.538	1178
907.048	1187
907.559	1162
908.069	1158
908.58	1150
909.091	1121
909.601	1099
910.112	1061
910.622	1046
911.133	1032
911.643	1022
912.154	1009
912.664	1015
913.174	1009
913.685	1006
914.195	1004
914.705	1000
915.216	1005
915.726	1001
916.236	1000
916.746	1003
917.256	999
917.767	997
918.277	1001
918.787	1000
919.297	1001
919.807	1000
920.317	1002
920.827	1000
921.337	998
921.847	1001
922.357	1003
922.867	1005
923.377	1000
923.887	1000
924.397	1000
924.906	1003
925.416	999
925.926	1001
926.436	1000
926.946	1003
927.455	1000
927.965	999
928.475	1002
928.984	1000
929.494	998
930.004	1000
930.513	1002
931.023	997
931.532	1002
932.042	999
932.551	1000
933.061	1001
933.57	999
934.08	999
934.589	1001
935.098	1001
935.608	997
936.117	1001
936.626	1000
937.136	1001
937.645	1001
938.154	1002
938.663	997
939.173	1000
939.682	1002
940.191	999
940.7	1001
941.209	1002
941.718	999
942.227	999
942.736	1001
943.245	999
943.754	1004
944.263	998
944.772	1002
945.281	1001
945.79	999
946.299	1003
946.807	1000
947.316	1001
947.825	998
948.334	999
948.843	1001
949.351	1004
949.86	1001
950.369	1004
950.877	1001
951.386	1002
951.894	1002
952.403	1005
952.911	1006
953.42	1005
953.929	1003
954.437	1003
954.945	1000
955.454	999
955.962	1003
956.471	1003
956.979	1003
957.487	1001
957.996	999
958.504	1002
959.012	1002
959.52	1004
960.029	1004
960.537	1003
961.045	1002
961.553	1005
962.061	1001
962.569	1002
963.077	1002
963.585	1002
