432.895	999
433.423	1002
433.95	1002
434.478	1003
435.006	1000
435.534	1001
436.062	1000
436.589	997
437.117	1002
437.645	1002
438.172	1000
438.7	1003
439.228	999
439.756	997
440.283	999
440.811	1000
441.338	998
441.866	1000
442.394	1001
442.921	1003
443.449	1000
443.976	1001
444.504	1002
445.031	1002
445.559	999
446.086	1000
446.614	998
447.141	1002
447.669	1001
448.196	998
448.724	1001
449.251	1001
449.778	1002
450.306	1002
450.833	996
451.361	1002
451.888	1002
452.415	998
452.943	1001
453.47	999
453.997	1001
454.524	1004
455.052	1000
455.579	1001
456.106	1002
456.633	1001
457.16	1003
457.688	1002
458.215	1001
458.742	999
459.269	1001
459.796	1002
460.323	1000
460.85	1002
461.377	1002
461.904	1001
462.431	1003
462.958	1002
463.485	1000
464.012	1003
464.539	1000
465.066	999
465.593	1003
466.12	1000
466.647	999
467.174	1003
467.701	998
468.228	1003
468.755	1004
469.282	1001
469.808	1001
470.335	1006
470.862	1000
471.389	1000
471.915	1002
472.442	998
472.969	1001
473.496	1001
474.022	1003
474.549	1001
475.076	1001
475.602	1000
476.129	1005
476.656	1000
477.182	1000
477.709	1002
478.235	1000
478.762	999
479.289	1001
479.815	1000
480.342	999
480.868	1001
481.395	1004
481.921	1002
482.448	1002
482.974	1003
483.5	1001
484.027	1002
484.553	1001
485.08	1005
485.606	1002
486.132	996
486.659	1002
487.185	1003
487.711	1001
488.238	1003
488.764	1000
489.29	1002
489.816	1004
490.343	1004
490.869	1002
491.395	1004
491.921	1002
492.447	1004
492.973	1002
493.5	1003
494.026	1003
494.552	1002
495.078	1001
495.604	999
496.13	1005
496.656	1002
497.182	1005
497.708	1004
498.234	1007
498.76	1002
499.286	1009
499.812	1012
500.338	1030
500.864	1054
501.39	1066
501.916	1081
502.441	1092
502.967	1099
503.493	1107
504.019	1091
504.545	1108
505.071	1117
505.596	1107
506.122	1113
506.648	1118
507.174	1122
507.699	1125
508.225	1144
508.751	1137
509.276	1142
509.802	1125
510.328	1144
510.853	1138
511.379	1162
511.904	1169
512.43	1162
512.955	1172
513.481	1163
514.006	1181
514.532	1187
515.057	1197
515.583	1188
516.108	1195
516.634	1223
517.159	1210
517.685	1213
518.21	1204
518.735	1236
519.261	1233
519.786	1248
520.311	1227
520.837	1250
521.362	1255
521.887	1281
522.413	1276
522.938	1272
523.463	1291
523.988	1285
524.513	1312
525.039	1331
525.564	1318
526.089	1336
526.614	1323
527.139	1345
527.664	1343
528.189	1340
528.714	1391
529.24	1381
529.765	1375
530.29	1364
530.815	1392
531.34	1341
531.865	1380
532.389	1391
532.914	1383
533.439	1414
533.964	1406
534.489	1434
535.014	1460
535.539	1493
536.064	1531
536.588	1539
537.113	1575
537.638	1550
538.163	1600
538.688	1591
539.212	1610
539.737	1631
540.262	1640
540.786	1677
541.311	1669
541.836	1703
542.36	1746
542.885	1758
543.41	1753
543.934	1778
544.459	1845
544.983	1837
545.508	1872
546.032	1904
546.557	1913
547.081	1998
547.606	1960
548.13	1988
548.655	2012
549.179	2082
549.704	2075
550.228	2079
550.752	2119
551.277	2154
551.801	2190
552.325	2222
552.85	2258
553.374	2301
553.898	2381
554.423	2322
554.947	2367
555.471	2365
555.995	2429
556.519	2519
557.044	2531
557.568	2566
558.092	2568
558.616	2617
559.14	2673
559.664	2719
560.188	2748
560.712	2719
561.236	2789
561.76	2802
562.284	2819
562.808	2896
563.332	2940
563.856	2926
564.38	3010
564.904	3037
565.428	3040
565.952	3129
566.476	3103
567	3183
567.523	3274
568.047	3223
568.571	3312
569.095	3266
569.619	3328
570.142	3401
570.666	3444
571.19	3529
571.714	3538
572.237	3593
572.761	3624
573.285	3717
573.808	3683
574.332	3751
574.855	3786
575.379	3807
575.903	3881
576.426	3836
576.95	3945
577.473	3978
577.997	4050
578.52	4024
579.044	4115
579.567	4107
580.09	4277
580.614	4263
581.137	4235
581.661	4371
582.184	4422
582.707	4391
583.231	4437
583.754	4489
584.277	4494
584.8	4551
585.324	4610
585.847	4662
586.37	4639
586.893	4711
587.417	4780
587.94	4825
588.463	4862
588.986	4895
589.509	4900
590.032	5006
590.555	5044
591.078	5095
591.601	5105
592.124	5142
592.647	5208
593.17	5274
593.693	5254
594.216	5269
594.739	5449
595.262	5433
595.785	5566
596.308	5555
596.831	5655
597.354	5780
597.877	5751
598.399	5829
598.922	5709
599.445	5823
599.968	5735
600.49	5788
601.013	5848
601.536	5873
602.059	5936
602.581	5907
603.104	5966
603.627	6078
604.149	6046
604.672	6122
605.194	6126
605.717	6226
606.24	6179
606.762	6222
607.285	6235
607.807	6179
608.33	6256
608.852	6330
609.374	6379
609.897	6458
610.419	6439
610.942	6471
611.464	6511
611.986	6599
612.509	6597
613.031	6633
613.553	6570
614.076	6605
614.598	6714
615.12	6707
615.642	6696
616.165	6784
616.687	6712
617.209	6781
617.731	6770
618.253	6903
618.775	6954
619.297	6916
619.82	7030
620.342	7104
620.864	7113
621.386	7145
621.908	7283
622.43	7244
622.952	7199
623.474	7217
623.996	7348
624.518	7278
625.039	7348
625.561	7218
626.083	7369
626.605	7369
627.127	7364
627.649	7454
628.171	7563
628.692	7629
629.214	7627
629.736	7627
630.258	7646
630.779	7665
631.301	7749
631.823	7576
632.344	7623
632.866	7759
633.388	7800
633.909	7803
634.431	7774
634.952	7873
635.474	7779
635.995	7865
636.517	7881
637.038	7898
637.56	7936
638.081	7954
638.603	8108
639.124	8006
639.646	8075
640.167	8191
640.688	8117
641.21	8266
641.731	8186
642.252	8186
642.773	8194
643.295	8261
643.816	8386
644.337	8239
644.859	8384
645.38	8255
645.901	8283
646.422	8438
646.943	8458
647.464	8427
647.985	8386
648.506	8388
649.028	8454
649.549	8502
650.07	8522
650.591	8416
651.112	8555
651.633	8553
652.154	8639
652.674	8574
653.195	8528
653.716	8475
654.237	8498
654.758	8583
655.279	8605
655.8	8470
656.321	8469
656.841	8470
657.362	8393
657.883	8547
658.404	8542
658.924	8497
659.445	8597
659.966	8634
660.486	8667
661.007	8656
661.528	8513
662.048	8608
662.569	8610
663.089	8565
663.61	8577
664.13	8586
664.651	8474
665.171	8515
665.692	8381
666.212	8358
666.733	8402
667.253	8478
667.774	8516
668.294	8418
668.814	8490
669.335	8553
669.855	8437
670.375	8600
670.896	8561
671.416	8640
671.936	8576
672.456	8567
672.977	8532
673.497	8583
674.017	8518
674.537	8565
675.057	8480
675.577	8384
676.097	8380
676.617	8370
677.137	8383
677.657	8383
678.177	8363
678.698	8325
679.217	8442
679.737	8487
680.257	8360
680.777	8486
681.297	8300
681.817	8325
682.337	8343
682.857	8361
683.377	8382
683.896	8329
684.416	8318
684.936	8376
685.456	8215
685.975	8281
686.495	8346
687.015	8164
687.535	8253
688.054	8273
688.574	8267
689.093	8293
689.613	8250
690.133	8420
690.652	8284
691.172	8326
691.691	8392
692.211	8395
692.73	8484
693.25	8398
693.769	8427
694.289	8368
694.808	8309
695.327	8386
695.847	8310
696.366	8230
696.885	8226
697.405	8264
697.924	8173
698.443	8230
698.962	8170
699.482	8243
700.001	8162
700.52	8323
701.039	8295
701.558	8315
702.078	8283
702.597	8212
703.116	8247
703.635	8184
704.154	8227
704.673	8267
705.192	8199
705.711	8208
706.23	8145
706.749	8193
707.268	8282
707.787	8219
708.306	8220
708.824	8209
709.343	8192
709.862	8129
710.381	8166
710.9	8234
711.419	8148
711.937	8203
712.456	8134
712.975	8201
713.493	8163
714.012	8227
714.531	8153
715.049	8100
715.568	8211
716.087	8209
716.605	8245
717.124	8134
717.642	8192
718.161	8212
718.679	8179
719.198	8229
719.716	8054
720.235	8072
720.753	8025
721.272	7970
721.79	8010
722.308	7972
722.827	8002
723.345	8045
723.863	7987
724.382	8025
724.9	8011
725.418	8012
725.936	7971
726.455	7899
726.973	7939
727.491	7841
728.009	7827
728.527	7827
729.045	7864
729.563	7799
730.081	7816
730.599	7849
731.117	7766
731.635	7722
732.153	7701
732.671	7608
733.189	7666
733.707	7643
734.225	7584
734.743	7637
735.261	7573
735.779	7660
736.297	7531
736.814	7705
737.332	7435
737.85	7638
738.368	7549
738.885	7586
739.403	7490
739.921	7507
740.439	7488
740.956	7426
741.474	7433
741.991	7439
742.509	7476
743.027	7372
743.544	7388
744.062	7317
744.579	7285
745.097	7280
745.614	7263
746.131	7305
746.649	7249
747.166	7321
747.684	7335
748.201	7168
748.718	7232
749.236	7086
749.753	7131
750.27	7086
750.788	7110
751.305	7073
751.822	7103
752.339	7076
752.856	7052
753.374	6979
753.891	6969
754.408	6958
754.925	6923
755.442	6922
755.959	6870
756.476	6763
756.993	6756
757.51	6753
758.027	6765
758.544	6627
759.061	6619
759.578	6690
760.095	6776
760.612	6648
761.128	6623
761.645	6648
762.162	6582
762.679	6624
763.196	6563
763.712	6502
764.229	6557
764.746	6569
765.263	6552
765.779	6596
766.296	6573
766.812	6487
767.329	6417
767.846	6461
768.362	6421
768.879	6453
769.395	6493
769.912	6473
770.428	6420
770.945	6416
771.461	6448
771.978	6366
772.494	6342
773.01	6304
773.527	6303
774.043	6175
774.559	6164
775.076	6191
775.592	6029
776.108	6118
776.624	6069
777.141	6098
777.657	5953
778.173	6013
778.689	5954
779.205	5910
779.721	5829
780.237	5876
780.753	5860
781.27	5837
781.786	5839
782.302	5757
782.818	5725
783.333	5721
783.849	5703
784.365	5611
784.881	5648
785.397	5641
785.913	5642
786.429	5599
786.945	5573
787.46	5603
787.976	5545
788.492	5561
789.008	5589
789.523	5499
790.039	5498
790.555	5515
791.07	5384
791.586	5428
792.102	5314
792.617	5397
793.133	5305
793.648	5352
794.164	5364
794.679	5359
795.195	5276
795.71	5252
796.226	5179
796.741	5194
797.256	5135
797.772	5146
798.287	5060
798.802	5095
799.318	5031
799.833	5067
800.348	5059
800.864	5001
801.379	5044
801.894	5017
802.409	5000
802.924	4997
803.44	4962
803.955	4992
804.47	4944
804.985	4971
805.5	4905
806.015	4901
806.53	4899
807.045	4861
807.56	4831
808.075	4793
808.59	4728
809.105	4713
809.619	4799
810.134	4656
810.649	4667
811.164	4705
811.679	4651
812.194	4629
812.708	4602
813.223	4671
813.738	4567
814.252	4570
814.767	4509
815.282	4603
815.796	4572
816.311	4517
816.826	4544
817.34	4538
817.855	4551
818.369	4557
818.884	4481
819.398	4487
819.913	4525
820.427	4542
820.941	4469
821.456	4472
821.97	4446
822.484	4468
822.999	4462
823.513	4384
824.027	4363
824.542	4440
825.056	4368
825.57	4370
826.084	4380
826.598	4378
827.113	4366
827.627	4303
828.141	4346
828.655	4336
829.169	4360
829.683	4275
830.197	4261
830.711	4347
831.225	4330
831.739	4313
832.253	4343
832.767	4259
833.281	4259
833.795	4363
834.308	4356
834.822	4321
835.336	4283
835.85	4248
836.364	4273
836.877	4276
837.391	4265
837.905	4144
838.418	4152
838.932	4196
839.446	4099
839.959	4197
840.473	4109
840.986	4096
841.5	4151
842.013	4059
842.527	4140
843.04	4132
843.554	4119
844.067	4086
844.581	4157
845.094	4151
845.607	4132
846.121	4116
846.634	4153
847.147	4171
847.661	4186
848.174	4112
848.687	4165
849.2	4141
849.714	4091
850.227	4098
850.74	4113
851.253	4058
851.766	4055
852.279	4089
852.792	4043
853.305	4067
853.818	4059
854.331	4041
854.844	4047
855.357	4003
855.87	3938
856.383	4022
856.896	4014
857.409	4007
857.921	4052
858.434	4061
858.947	3963
859.46	4083
859.973	3999
860.485	3986
860.998	3954
861.511	3950
862.023	4056
862.536	3996
863.049	4031
863.561	4043
864.074	3997
864.586	3956
865.099	3987
865.611	3976
866.124	3907
866.636	3958
867.149	3894
867.661	3924
868.173	3837
868.686	3946
869.198	3856
869.71	3847
870.223	3945
870.735	3943
871.247	3863
871.759	3853
872.272	3916
872.784	3889
873.296	3901
873.808	3852
874.32	3897
874.832	3836
875.344	3839
875.856	3845
876.368	3802
876.88	3875
877.392	3817
877.904	3765
878.416	3804
878.928	3858
879.44	3769
879.952	3804
880.464	3750
880.976	3765
881.487	3739
881.999	3760
882.511	3733
883.023	3716
883.534	3697
884.046	3715
884.558	3725
885.069	3704
885.581	3742
886.093	3676
886.604	3711
887.116	3698
887.627	3705
888.139	3669
888.65	3590
889.162	3663
889.673	3652
890.185	3664
890.696	3636
891.207	3669
891.719	3600
892.23	3689
892.741	3693
893.253	3579
893.764	3557
894.275	3601
894.786	3549
895.297	3524
895.809	3519
896.32	3513
896.831	3529
897.342	3484
897.853	3481
898.364	3502
898.875	3504
899.386	3503
899.897	3482
900.408	3473
900.919	3507
901.43	3454
901.941	3433
902.451	3415
902.962	3398
903.473	3406
903.984	3376
904.495	3405
905.005	3341
905.516	3336
906.027	3334
906.538	3318
907.048	3245
907.559	3289
908.069	3150
908.58	3001
909.091	2809
909.601	2507
910.112	2155
910.622	1785
911.133	1495
911.643	1311
912.154	1172
912.664	1114
913.174	1071
913.685	1046
914.195	1037
914.705	1027
915.216	1020
915.726	1022
916.236	1013
916.746	1013
917.256	1016
917.767	1009
918.277	1012
918.787	1014
919.297	1011
919.807	1009
920.317	1010
920.827	1009
921.337	1013
921.847	1009
922.357	1007
922.867	1009
923.377	1009
923.887	1015
924.397	1005
924.906	1006
925.416	1004
925.926	1005
926.436	1009
926.946	1004
927.455	1012
927.965	1007
928.475	1010
928.984	1009
929.494	1004
930.004	1009
930.513	1005
931.023	1007
931.532	1008
932.042	1010
932.551	1008
933.061	1009
933.57	1006
934.08	1008
934.589	1004
935.098	1006
935.608	1007
936.117	1008
936.626	1008
937.136	1003
937.645	1006
938.154	1007
938.663	1008
939.173	1006
939.682	1004
940.191	1004
940.7	1004
941.209	1004
941.718	1003
942.227	1002
942.736	1005
943.245	1002
943.754	1000
944.263	1002
944.772	1002
945.281	1005
945.79	1005
946.299	1003
946.807	1004
947.316	1004
947.825	1003
948.334	1000
948.843	1004
949.351	1006
949.86	1001
950.369	999
950.877	997
951.386	1003
951.894	1005
952.403	1004
952.911	1004
953.42	1001
953.929	1004
954.437	1005
954.945	1001
955.454	1002
955.962	1001
956.471	1004
956.979	1002
957.487	1003
957.996	1003
958.504	1002
959.012	1001
959.52	1005
960.029	1000
960.537	1005
961.045	1006
961.553	1006
962.061	1006
962.569	1003
963.077	1002
963.585	1004
