432.895	999
433.423	1002
433.95	1000
434.478	1000
435.006	999
435.534	1000
436.062	997
436.589	999
437.117	1000
437.645	1003
438.172	1001
438.7	1001
439.228	1000
439.756	1003
440.283	1001
440.811	1003
441.338	1000
441.866	999
442.394	1002
442.921	999
443.449	1002
443.976	1002
444.504	1001
445.031	1003
445.559	1000
446.086	1000
446.614	1003
447.141	1001
447.669	999
448.196	1002
448.724	1002
449.251	1000
449.778	1000
450.306	1005
450.833	1000
451.361	1000
451.888	1000
452.415	1001
452.943	1002
453.47	1001
453.997	1000
454.524	999
455.052	1002
455.579	1000
456.106	1001
456.633	1004
457.16	1002
457.688	1004
458.215	1001
458.742	1001
459.269	1000
459.796	1001
460.323	1002
460.85	999
461.377	1003
461.904	1000
462.431	1001
462.958	1002
463.485	1001
464.012	1004
464.539	1001
465.066	1002
465.593	1002
466.12	1003
466.647	1002
467.174	1004
467.701	1001
468.228	1004
468.755	1002
469.282	1002
469.808	1001
470.335	1003
470.862	996
471.389	1002
471.915	1000
472.442	1003
472.969	1003
473.496	1000
474.022	1001
474.549	999
475.076	1002
475.602	1005
476.129	1000
476.656	1001
477.182	1003
477.709	1007
478.235	1002
478.762	1001
479.289	1002
479.815	1003
480.342	1002
480.868	1003
481.395	1004
481.921	999
482.448	999
482.974	1003
483.5	1001
484.027	1002
484.553	1002
485.08	1005
485.606	1001
486.132	1003
486.659	1001
487.185	1002
487.711	1000
488.238	1005
488.764	1001
489.29	1003
489.816	1002
490.343	1000
490.869	1002
491.395	1001
491.921	999
492.447	998
492.973	1003
493.5	1007
494.026	1001
494.552	1003
495.078	1003
495.604	1002
496.13	1003
496.656	1005
497.182	1002
497.708	1002
498.234	1003
498.76	1006
499.286	1014
499.812	1030
500.338	1063
500.864	1073
501.39	1094
501.916	1101
502.441	1085
502.967	1092
503.493	1096
504.019	1100
504.545	1094
505.071	1100
505.596	1110
506.122	1098
506.648	1094
507.174	1103
507.699	1089
508.225	1092
508.751	1093
509.276	1117
509.802	1097
510.328	1112
510.853	1113
511.379	1108
511.904	1099
512.43	1110
512.955	1116
513.481	1122
514.006	1117
514.532	1124
515.057	1119
515.583	1140
516.108	1135
516.634	1141
517.159	1153
517.685	1154
518.21	1116
518.735	1160
519.261	1164
519.786	1182
520.311	1195
520.837	1205
521.362	1226
521.887	1246
522.413	1252
522.938	1268
523.463	1284
523.988	1313
524.513	1324
525.039	1344
525.564	1374
526.089	1418
526.614	1447
527.139	1470
527.664	1485
528.189	1533
528.714	1567
529.24	1610
529.765	1612
530.29	1627
530.815	1638
531.34	1697
531.865	1688
532.389	1703
532.914	1745
533.439	1749
533.964	1817
534.489	1891
535.014	1946
535.539	1988
536.064	2022
536.588	2095
537.113	2105
537.638	2108
538.163	2096
538.688	2188
539.212	2173
539.737	2149
540.262	2115
540.786	2175
541.311	2201
541.836	2192
542.36	2231
542.885	2251
543.41	2256
543.934	2252
544.459	2272
544.983	2273
545.508	2321
546.032	2283
546.557	2276
547.081	2260
547.606	2323
548.13	2342
548.655	2361
549.179	2376
549.704	2409
550.228	2413
550.752	2444
551.277	2464
551.801	2495
552.325	2500
552.85	2501
553.374	2503
553.898	2581
554.423	2544
554.947	2558
555.471	2703
555.995	2721
556.519	2744
557.044	2789
557.568	2811
558.092	2893
558.616	2912
559.14	2996
559.664	3048
560.188	3115
560.712	3192
561.236	3238
561.76	3298
562.284	3326
562.808	3458
563.332	3486
563.856	3616
564.38	3694
564.904	3801
565.428	3874
565.952	3881
566.476	3940
567	4024
567.523	4196
568.047	4211
568.571	4305
569.095	4376
569.619	4386
570.142	4515
570.666	4536
571.19	4630
571.714	4630
572.237	4628
572.761	4605
573.285	4678
573.808	4603
574.332	4630
574.855	4651
575.379	4670
575.903	4660
576.426	4564
576.95	4560
577.473	4475
577.997	4514
578.52	4431
579.044	4404
579.567	4324
580.09	4300
580.614	4338
581.137	4147
581.661	4201
582.184	4107
582.707	4026
583.231	3922
583.754	3896
584.277	3778
584.8	3709
585.324	3670
585.847	3536
586.37	3472
586.893	3419
587.417	3444
587.94	3447
588.463	3518
588.986	3540
589.509	3506
590.032	3487
590.555	3452
591.078	3482
591.601	3447
592.124	3408
592.647	3351
593.17	3363
593.693	3290
594.216	3355
594.739	3325
595.262	3346
595.785	3335
596.308	3343
596.831	3346
597.354	3322
597.877	3260
598.399	3303
598.922	3253
599.445	3305
599.968	3329
600.49	3260
601.013	3302
601.536	3248
602.059	3303
602.581	3300
603.104	3313
603.627	3375
604.149	3339
604.672	3466
605.194	3375
605.717	3480
606.24	3497
606.762	3459
607.285	3436
607.807	3480
608.33	3542
608.852	3520
609.374	3565
609.897	3544
610.419	3681
610.942	3691
611.464	3705
611.986	3682
612.509	3709
613.031	3783
613.553	3750
614.076	3776
614.598	3754
615.12	3670
615.642	3774
616.165	3731
616.687	3725
617.209	3734
617.731	3777
618.253	3829
618.775	3800
619.297	3784
619.82	3707
620.342	3738
620.864	3723
621.386	3666
621.908	3660
622.43	3574
622.952	3558
623.474	3465
623.996	3483
624.518	3445
625.039	3394
625.561	3319
626.083	3250
626.605	3209
627.127	3181
627.649	3129
628.171	3091
628.692	3023
629.214	3108
629.736	3030
630.258	2997
630.779	2998
631.301	2932
631.823	2870
632.344	2821
632.866	2778
633.388	2738
633.909	2751
634.431	2733
634.952	2703
635.474	2660
635.995	2658
636.517	2631
637.038	2622
637.56	2605
638.081	2577
638.603	2533
639.124	2594
639.646	2547
640.167	2588
640.688	2511
641.21	2486
641.731	2485
642.252	2494
642.773	2508
643.295	2480
643.816	2442
644.337	2422
644.859	2431
645.38	2413
645.901	2404
646.422	2457
646.943	2392
647.464	2411
647.985	2422
648.506	2431
649.028	2450
649.549	2476
650.07	2448
650.591	2467
651.112	2449
651.633	2444
652.154	2496
652.674	2478
653.195	2499
653.716	2506
654.237	2517
654.758	2526
655.279	2505
655.8	2550
656.321	2499
656.841	2512
657.362	2524
657.883	2567
658.404	2596
658.924	2625
659.445	2606
659.966	2631
660.486	2651
661.007	2720
661.528	2711
662.048	2731
662.569	2704
663.089	2669
663.61	2739
664.13	2713
664.651	2719
665.171	2766
665.692	2783
666.212	2798
666.733	2830
667.253	2806
667.774	2859
668.294	2924
668.814	2857
669.335	2896
669.855	2925
670.375	2888
670.896	2899
671.416	2941
671.936	2908
672.456	2903
672.977	2916
673.497	2914
674.017	2875
674.537	2878
675.057	2836
675.577	2819
676.097	2821
676.617	2777
677.137	2779
677.657	2754
678.177	2721
678.698	2727
679.217	2775
679.737	2663
680.257	2736
680.777	2640
681.297	2610
681.817	2591
682.337	2628
682.857	2529
683.377	2488
683.896	2470
684.416	2443
684.936	2448
685.456	2406
685.975	2433
686.495	2389
687.015	2360
687.535	2343
688.054	2290
688.574	2317
689.093	2316
689.613	2348
690.133	2342
690.652	2268
691.172	2263
691.691	2222
692.211	2244
692.73	2231
693.25	2242
693.769	2213
694.289	2217
694.808	2239
695.327	2154
695.847	2195
696.366	2178
696.885	2167
697.405	2161
697.924	2122
698.443	2137
698.962	2108
699.482	2165
700.001	2123
700.52	2099
701.039	2096
701.558	2118
702.078	2096
702.597	2109
703.116	2102
703.635	2086
704.154	2123
704.673	2087
705.192	2065
705.711	2073
706.23	2086
706.749	2117
707.268	2080
707.787	2111
708.306	2110
708.824	2122
709.343	2086
709.862	2141
710.381	2111
710.9	2110
711.419	2125
711.937	2108
712.456	2187
712.975	2167
713.493	2131
714.012	2123
714.531	2161
715.049	2140
715.568	2149
716.087	2184
716.605	2197
717.124	2231
717.642	2200
718.161	2193
718.679	2251
719.198	2213
719.716	2277
720.235	2211
720.753	2231
721.272	2238
721.79	2230
722.308	2250
722.827	2286
723.345	2255
723.863	2238
724.382	2301
724.9	2276
725.418	2270
725.936	2325
726.455	2334
726.973	2299
727.491	2310
728.009	2323
728.527	2379
729.045	2372
729.563	2387
730.081	2396
730.599	2398
731.117	2392
731.635	2395
732.153	2427
732.671	2365
733.189	2416
733.707	2416
734.225	2412
734.743	2422
735.261	2446
735.779	2425
736.297	2420
736.814	2425
737.332	2413
737.85	2427
738.368	2441
738.885	2419
739.403	2428
739.921	2452
740.439	2401
740.956	2400
741.474	2373
741.991	2415
742.509	2355
743.027	2401
743.544	2365
744.062	2326
744.579	2275
745.097	2321
745.614	2274
746.131	2246
746.649	2234
747.166	2182
747.684	2196
748.201	2159
748.718	2148
749.236	2110
749.753	2132
750.27	2052
750.788	2074
751.305	2057
751.822	2061
752.339	2067
752.856	2045
753.374	2057
753.891	2069
754.408	2084
754.925	2008
755.442	1998
755.959	1954
756.476	1961
756.993	1901
757.51	1908
758.027	1910
758.544	1902
759.061	1890
759.578	1886
760.095	1864
760.612	1857
761.128	1861
761.645	1831
762.162	1861
762.679	1826
763.196	1816
763.712	1850
764.229	1844
764.746	1800
765.263	1771
765.779	1810
766.296	1817
766.812	1790
767.329	1804
767.846	1739
768.362	1764
768.879	1738
769.395	1766
769.912	1744
770.428	1724
770.945	1748
771.461	1739
771.978	1705
772.494	1708
773.01	1677
773.527	1683
774.043	1658
774.559	1673
775.076	1680
775.592	1682
776.108	1668
776.624	1667
777.141	1681
777.657	1676
778.173	1651
778.689	1643
779.205	1628
779.721	1614
780.237	1640
780.753	1656
781.27	1626
781.786	1632
782.302	1634
782.818	1638
783.333	1629
783.849	1630
784.365	1628
784.881	1607
785.397	1599
785.913	1623
786.429	1634
786.945	1612
787.46	1589
787.976	1608
788.492	1614
789.008	1590
789.523	1625
790.039	1615
790.555	1576
791.07	1614
791.586	1649
792.102	1614
792.617	1621
793.133	1587
793.648	1589
794.164	1611
794.679	1579
795.195	1581
795.71	1594
796.226	1593
796.741	1586
797.256	1555
797.772	1605
798.287	1588
798.802	1575
799.318	1579
799.833	1575
800.348	1611
800.864	1581
801.379	1600
801.894	1573
802.409	1601
802.924	1608
803.44	1569
803.955	1614
804.47	1593
804.985	1619
805.5	1589
806.015	1639
806.53	1586
807.045	1600
807.56	1563
808.075	1556
808.59	1605
809.105	1560
809.619	1545
810.134	1607
810.649	1576
811.164	1574
811.679	1564
812.194	1585
812.708	1581
813.223	1602
813.738	1595
814.252	1572
814.767	1563
815.282	1594
815.796	1568
816.311	1573
816.826	1595
817.34	1548
817.855	1558
818.369	1555
818.884	1534
819.398	1564
819.913	1542
820.427	1550
820.941	1541
821.456	1548
821.97	1516
822.484	1506
822.999	1505
823.513	1519
824.027	1529
824.542	1504
825.056	1491
825.57	1497
826.084	1484
826.598	1470
827.113	1465
827.627	1446
828.141	1463
828.655	1421
829.169	1465
829.683	1437
830.197	1438
830.711	1427
831.225	1402
831.739	1396
832.253	1398
832.767	1417
833.281	1409
833.795	1413
834.308	1410
834.822	1389
835.336	1402
835.85	1400
836.364	1383
836.877	1405
837.391	1377
837.905	1380
838.418	1386
838.932	1391
839.446	1371
839.959	1345
840.473	1374
840.986	1364
841.5	1337
842.013	1373
842.527	1389
843.04	1364
843.554	1349
844.067	1354
844.581	1339
845.094	1332
845.607	1370
846.121	1340
846.634	1366
847.147	1359
847.661	1350
848.174	1335
848.687	1340
849.2	1309
849.714	1348
850.227	1304
850.74	1298
851.253	1354
851.766	1338
852.279	1328
852.792	1322
853.305	1335
853.818	1333
854.331	1322
854.844	1335
855.357	1319
855.87	1317
856.383	1348
856.896	1334
857.409	1315
857.921	1322
858.434	1338
858.947	1351
859.46	1357
859.973	1320
860.485	1349
860.998	1337
861.511	1317
862.023	1327
862.536	1338
863.049	1337
863.561	1332
864.074	1322
864.586	1302
865.099	1296
865.611	1319
866.124	1290
866.636	1324
867.149	1298
867.661	1307
868.173	1315
868.686	1305
869.198	1293
869.71	1317
870.223	1331
870.735	1332
871.247	1333
871.759	1312
872.272	1371
872.784	1325
873.296	1350
873.808	1339
874.32	1350
874.832	1348
875.344	1340
875.856	1348
876.368	1350
876.88	1328
877.392	1336
877.904	1335
878.416	1334
878.928	1330
879.44	1329
879.952	1355
880.464	1341
880.976	1321
881.487	1369
881.999	1349
882.511	1342
883.023	1357
883.534	1347
884.046	1345
884.558	1342
885.069	1360
885.581	1361
886.093	1327
886.604	1329
887.116	1335
887.627	1353
888.139	1336
888.65	1334
889.162	1326
889.673	1322
890.185	1336
890.696	1362
891.207	1342
891.719	1382
892.23	1379
892.741	1357
893.253	1371
893.764	1370
894.275	1369
894.786	1409
895.297	1399
895.809	1384
896.32	1379
896.831	1392
897.342	1380
897.853	1377
898.364	1391
898.875	1391
899.386	1400
899.897	1397
900.408	1403
900.919	1384
901.43	1385
901.941	1382
902.451	1403
902.962	1384
903.473	1361
903.984	1372
904.495	1373
905.005	1381
905.516	1347
906.027	1371
906.538	1372
907.048	1354
907.559	1363
908.069	1323
908.58	1277
909.091	1236
909.601	1199
910.112	1129
910.622	1095
911.133	1068
911.643	1042
912.154	1040
912.664	1023
913.174	1020
913.685	1012
914.195	1009
914.705	1011
915.216	1006
915.726	1007
916.236	1007
916.746	1009
917.256	1004
917.767	1006
918.277	1002
918.787	1002
919.297	1004
919.807	1004
920.317	1004
920.827	1005
921.337	1005
921.847	1006
922.357	1001
922.867	1001
923.377	1004
923.887	1004
924.397	1004
924.906	1002
925.416	1005
925.926	1006
926.436	1004
926.946	1003
927.455	1004
927.965	1003
928.475	1005
928.984	1006
929.494	1004
930.004	1004
930.513	1006
931.023	1001
931.532	1003
932.042	1000
932.551	1001
933.061	1006
933.57	1005
934.08	1004
934.589	1003
935.098	1008
935.608	1003
936.117	1005
936.626	1002
937.136	1005
937.645	1003
938.154	1003
938.663	1001
939.173	1005
939.682	1006
940.191	1002
940.7	1003
941.209	1005
941.718	1005
942.227	1003
942.736	1003
943.245	1002
943.754	1003
944.263	1002
944.772	1001
945.281	1001
945.79	1006
946.299	1003
946.807	1002
947.316	1005
947.825	999
948.334	1004
948.843	1003
949.351	1002
949.86	1000
950.369	1004
950.877	1005
951.386	1002
951.894	1006
952.403	1005
952.911	1005
953.42	1003
953.929	1002
954.437	1004
954.945	1004
955.454	1003
955.962	1000
956.471	1004
956.979	1003
957.487	1004
957.996	1004
958.504	1002
959.012	1003
959.52	1005
960.029	1001
960.537	1005
961.045	1002
961.553	1005
962.061	1002
962.569	1006
963.077	1002
963.585	1006
