432.895	999
433.423	998
433.95	1001
434.478	999
435.006	999
435.534	999
436.062	998
436.589	998
437.117	998
437.645	1001
438.172	998
438.7	997
439.228	999
439.756	1000
440.283	1000
440.811	999
441.338	998
441.866	1000
442.394	996
442.921	1000
443.449	997
443.976	998
444.504	998
445.031	998
445.559	1002
446.086	1001
446.614	1001
447.141	1000
447.669	1000
448.196	1003
448.724	1001
449.251	998
449.778	998
450.306	998
450.833	999
451.361	999
451.888	999
452.415	1002
452.943	998
453.47	997
453.997	1000
454.524	1000
455.052	1001
455.579	1000
456.106	999
456.633	1001
457.16	1000
457.688	999
458.215	1004
458.742	997
459.269	1001
459.796	1000
460.323	999
460.85	998
461.377	1000
461.904	1000
462.431	1001
462.958	1000
463.485	997
464.012	1001
464.539	998
465.066	999
465.593	998
466.12	1000
466.647	1000
467.174	1001
467.701	999
468.228	1002
468.755	997
469.282	999
469.808	998
470.335	1000
470.862	1000
471.389	1001
471.915	1001
472.442	1001
472.969	1000
473.496	1004
474.022	1001
474.549	1000
475.076	1001
475.602	1000
476.129	1000
476.656	1002
477.182	998
477.709	1003
478.235	1000
478.762	1002
479.289	1003
479.815	997
480.342	997
480.868	1001
481.395	999
481.921	997
482.448	1000
482.974	1000
483.5	997
484.027	1000
484.553	1003
485.08	1000
485.606	1001
486.132	1001
486.659	1001
487.185	1001
487.711	999
488.238	1001
488.764	997
489.29	997
489.816	998
490.343	1004
490.869	997
491.395	999
491.921	1000
492.447	1000
492.973	1000
493.5	999
494.026	998
494.552	1001
495.078	1000
495.604	1000
496.13	1000
496.656	1002
497.182	1002
497.708	999
498.234	999
498.76	1001
499.286	1002
499.812	1006
500.338	1008
500.864	1021
501.39	1029
501.916	1036
502.441	1041
502.967	1043
503.493	1037
504.019	1047
504.545	1040
505.071	1049
505.596	1044
506.122	1050
506.648	1052
507.174	1049
507.699	1054
508.225	1057
508.751	1050
509.276	1062
509.802	1060
510.328	1050
510.853	1071
511.379	1073
511.904	1060
512.43	1073
512.955	1070
513.481	1069
514.006	1074
514.532	1077
515.057	1072
515.583	1073
516.108	1088
516.634	1078
517.159	1089
517.685	1089
518.21	1085
518.735	1103
519.261	1094
519.786	1100
520.311	1092
520.837	1098
521.362	1111
521.887	1097
522.413	1120
522.938	1115
523.463	1127
523.988	1140
524.513	1112
525.039	1132
525.564	1132
526.089	1151
526.614	1145
527.139	1142
527.664	1147
528.189	1157
528.714	1147
529.24	1146
529.765	1163
530.29	1144
530.815	1152
531.34	1134
531.865	1146
532.389	1148
532.914	1138
533.439	1159
533.964	1145
534.489	1165
535.014	1179
535.539	1195
536.064	1197
536.588	1203
537.113	1205
537.638	1220
538.163	1216
538.688	1239
539.212	1229
539.737	1234
540.262	1243
540.786	1244
541.311	1246
541.836	1264
542.36	1265
542.885	1275
543.41	1285
543.934	1288
544.459	1313
544.983	1327
545.508	1316
546.032	1341
546.557	1363
547.081	1344
547.606	1364
548.13	1381
548.655	1364
549.179	1409
549.704	1425
550.228	1409
550.752	1436
551.277	1448
551.801	1477
552.325	1459
552.85	1471
553.374	1479
553.898	1517
554.423	1513
554.947	1520
555.471	1538
555.995	1564
556.519	1588
557.044	1584
557.568	1615
558.092	1620
558.616	1612
559.14	1692
559.664	1666
560.188	1702
560.712	1677
561.236	1715
561.76	1739
562.284	1758
562.808	1804
563.332	1821
563.856	1822
564.38	1803
564.904	1855
565.428	1873
565.952	1882
566.476	1881
567	1903
567.523	1933
568.047	1944
568.571	1961
569.095	1999
569.619	1990
570.142	2042
570.666	2034
571.19	2074
571.714	2090
572.237	2155
572.761	2113
573.285	2155
573.808	2166
574.332	2184
574.855	2173
575.379	2240
575.903	2257
576.426	2279
576.95	2263
577.473	2300
577.997	2350
578.52	2344
579.044	2378
579.567	2354
580.09	2445
580.614	2415
581.137	2471
581.661	2449
582.184	2515
582.707	2517
583.231	2516
583.754	2532
584.277	2572
584.8	2576
585.324	2588
585.847	2604
586.37	2637
586.893	2651
587.417	2676
587.94	2678
588.463	2680
588.986	2753
589.509	2769
590.032	2748
590.555	2770
591.078	2812
591.601	2787
592.124	2785
592.647	2752
593.17	2719
593.693	2826
594.216	2855
594.739	2865
595.262	2882
595.785	2946
596.308	2923
596.831	2962
597.354	2968
597.877	2971
598.399	2988
598.922	2965
599.445	2994
599.968	2977
600.49	2995
601.013	2972
601.536	2994
602.059	2986
602.581	2990
603.104	3021
603.627	3067
604.149	3053
604.672	3040
605.194	3051
605.717	3040
606.24	3039
606.762	3053
607.285	3073
607.807	3097
608.33	3061
608.852	3076
609.374	3100
609.897	3116
610.419	3069
610.942	3086
611.464	3120
611.986	3136
612.509	3083
613.031	3116
613.553	3129
614.076	3147
614.598	3127
615.12	3134
615.642	3124
616.165	3152
616.687	3157
617.209	3115
617.731	3115
618.253	3188
618.775	3165
619.297	3165
619.82	3150
620.342	3171
620.864	3199
621.386	3195
621.908	3182
622.43	3221
622.952	3205
623.474	3216
623.996	3125
624.518	3239
625.039	3221
625.561	3172
626.083	3186
626.605	3205
627.127	3228
627.649	3240
628.171	3184
628.692	3254
629.214	3220
629.736	3254
630.258	3227
630.779	3275
631.301	3239
631.823	3260
632.344	3264
632.866	3297
633.388	3277
633.909	3277
634.431	3211
634.952	3265
635.474	3256
635.995	3257
636.517	3272
637.038	3310
637.56	3316
638.081	3304
638.603	3291
639.124	3287
639.646	3324
640.167	3319
640.688	3316
641.21	3350
641.731	3400
642.252	3359
642.773	3331
643.295	3404
643.816	3398
644.337	3360
644.859	3389
645.38	3299
645.901	3355
646.422	3438
646.943	3287
647.464	3393
647.985	3377
648.506	3334
649.028	3392
649.549	3396
650.07	3389
650.591	3465
651.112	3430
651.633	3431
652.154	3384
652.674	3416
653.195	3383
653.716	3384
654.237	3412
654.758	3408
655.279	3381
655.8	3362
656.321	3333
656.841	3359
657.362	3443
657.883	3417
658.404	3327
658.924	3422
659.445	3416
659.966	3430
660.486	3432
661.007	3476
661.528	3428
662.048	3398
662.569	3373
663.089	3379
663.61	3370
664.13	3358
664.651	3433
665.171	3396
665.692	3388
666.212	3399
666.733	3381
667.253	3389
667.774	3344
668.294	3380
668.814	3347
669.335	3374
669.855	3393
670.375	3366
670.896	3389
671.416	3408
671.936	3409
672.456	3386
672.977	3403
673.497	3414
674.017	3376
674.537	3354
675.057	3349
675.577	3381
676.097	3349
676.617	3349
677.137	3328
677.657	3304
678.177	3360
678.698	3328
679.217	3345
679.737	3352
680.257	3375
680.777	3369
681.297	3425
681.817	3328
682.337	3357
682.857	3445
683.377	3400
683.896	3405
684.416	3358
684.936	3374
685.456	3419
685.975	3355
686.495	3307
687.015	3383
687.535	3463
688.054	3330
688.574	3451
689.093	3345
689.613	3388
690.133	3397
690.652	3378
691.172	3399
691.691	3428
692.211	3464
692.73	3529
693.25	3521
693.769	3460
694.289	3477
694.808	3468
695.327	3429
695.847	3508
696.366	3469
696.885	3389
697.405	3465
697.924	3441
698.443	3440
698.962	3436
699.482	3429
700.001	3469
700.52	3424
701.039	3421
701.558	3470
702.078	3498
702.597	3427
703.116	3489
703.635	3495
704.154	3462
704.673	3513
705.192	3564
705.711	3528
706.23	3529
706.749	3555
707.268	3508
707.787	3496
708.306	3553
708.824	3521
709.343	3526
709.862	3523
710.381	3522
710.9	3511
711.419	3527
711.937	3520
712.456	3516
712.975	3512
713.493	3529
714.012	3601
714.531	3530
715.049	3543
715.568	3590
716.087	3534
716.605	3567
717.124	3578
717.642	3603
718.161	3569
718.679	3575
719.198	3617
719.716	3496
720.235	3562
720.753	3513
721.272	3529
721.79	3528
722.308	3533
722.827	3553
723.345	3542
723.863	3569
724.382	3535
724.9	3542
725.418	3508
725.936	3544
726.455	3569
726.973	3556
727.491	3534
728.009	3554
728.527	3557
729.045	3537
729.563	3525
730.081	3505
730.599	3556
731.117	3537
731.635	3410
732.153	3486
732.671	3418
733.189	3485
733.707	3476
734.225	3489
734.743	3431
735.261	3494
735.779	3436
736.297	3398
736.814	3392
737.332	3438
737.85	3454
738.368	3416
738.885	3434
739.403	3483
739.921	3418
740.439	3475
740.956	3421
741.474	3456
741.991	3465
742.509	3459
743.027	3448
743.544	3389
744.062	3459
744.579	3450
745.097	3433
745.614	3456
746.131	3473
746.649	3456
747.166	3390
747.684	3442
748.201	3437
748.718	3476
749.236	3360
749.753	3403
750.27	3398
750.788	3401
751.305	3404
751.822	3383
752.339	3395
752.856	3376
753.374	3354
753.891	3391
754.408	3387
754.925	3362
755.442	3369
755.959	3356
756.476	3353
756.993	3312
757.51	3333
758.027	3324
758.544	3321
759.061	3297
759.578	3290
760.095	3267
760.612	3312
761.128	3263
761.645	3320
762.162	3251
762.679	3261
763.196	3344
763.712	3310
764.229	3224
764.746	3291
765.263	3267
765.779	3271
766.296	3333
766.812	3281
767.329	3193
767.846	3250
768.362	3214
768.879	3226
769.395	3202
769.912	3192
770.428	3169
770.945	3184
771.461	3168
771.978	3160
772.494	3213
773.01	3142
773.527	3148
774.043	3185
774.559	3152
775.076	3148
775.592	3130
776.108	3161
776.624	3117
777.141	3113
777.657	3124
778.173	3102
778.689	3097
779.205	3071
779.721	3065
780.237	3076
780.753	2999
781.27	3023
781.786	3018
782.302	2971
782.818	2972
783.333	2902
783.849	2967
784.365	2983
784.881	2947
785.397	2925
785.913	2960
786.429	2911
786.945	2939
787.46	2993
787.976	2941
788.492	2946
789.008	2904
789.523	2911
790.039	2893
790.555	2872
791.07	2908
791.586	2830
792.102	2882
792.617	2875
793.133	2815
793.648	2882
794.164	2833
794.679	2806
795.195	2803
795.71	2819
796.226	2826
796.741	2847
797.256	2799
797.772	2804
798.287	2782
798.802	2759
799.318	2760
799.833	2773
800.348	2763
800.864	2790
801.379	2749
801.894	2763
802.409	2699
802.924	2775
803.44	2724
803.955	2710
804.47	2722
804.985	2755
805.5	2768
806.015	2690
806.53	2729
807.045	2683
807.56	2679
808.075	2722
808.59	2664
809.105	2613
809.619	2630
810.134	2674
810.649	2661
811.164	2631
811.679	2648
812.194	2555
812.708	2558
813.223	2557
813.738	2570
814.252	2613
814.767	2601
815.282	2516
815.796	2555
816.311	2556
816.826	2532
817.34	2572
817.855	2515
818.369	2520
818.884	2578
819.398	2556
819.913	2551
820.427	2536
820.941	2526
821.456	2546
821.97	2514
822.484	2543
822.999	2527
823.513	2541
824.027	2493
824.542	2497
825.056	2479
825.57	2473
826.084	2487
826.598	2453
827.113	2506
827.627	2483
828.141	2468
828.655	2455
829.169	2476
829.683	2447
830.197	2436
830.711	2450
831.225	2441
831.739	2461
832.253	2498
832.767	2436
833.281	2425
833.795	2479
834.308	2441
834.822	2436
835.336	2473
835.85	2443
836.364	2357
836.877	2450
837.391	2423
837.905	2425
838.418	2444
838.932	2405
839.446	2425
839.959	2385
840.473	2417
840.986	2440
841.5	2388
842.013	2364
842.527	2358
843.04	2364
843.554	2398
844.067	2395
844.581	2380
845.094	2371
845.607	2414
846.121	2440
846.634	2397
847.147	2416
847.661	2442
848.174	2421
848.687	2387
849.2	2407
849.714	2400
850.227	2414
850.74	2411
851.253	2403
851.766	2389
852.279	2397
852.792	2392
853.305	2391
853.818	2406
854.331	2348
854.844	2395
855.357	2399
855.87	2368
856.383	2398
856.896	2372
857.409	2368
857.921	2379
858.434	2407
858.947	2382
859.46	2410
859.973	2382
860.485	2362
860.998	2377
861.511	2381
862.023	2434
862.536	2352
863.049	2344
863.561	2382
864.074	2370
864.586	2326
865.099	2346
865.611	2348
866.124	2336
866.636	2386
867.149	2393
867.661	2309
868.173	2330
868.686	2318
869.198	2350
869.71	2320
870.223	2336
870.735	2324
871.247	2318
871.759	2299
872.272	2325
872.784	2393
873.296	2309
873.808	2316
874.32	2316
874.832	2289
875.344	2357
875.856	2302
876.368	2323
876.88	2301
877.392	2285
877.904	2354
878.416	2327
878.928	2280
879.44	2272
879.952	2306
880.464	2286
880.976	2226
881.487	2259
881.999	2248
882.511	2290
883.023	2249
883.534	2214
884.046	2270
884.558	2235
885.069	2238
885.581	2250
886.093	2195
886.604	2262
887.116	2193
887.627	2237
888.139	2243
888.65	2231
889.162	2205
889.673	2190
890.185	2235
890.696	2229
891.207	2180
891.719	2221
892.23	2195
892.741	2209
893.253	2200
893.764	2183
894.275	2155
894.786	2178
895.297	2156
895.809	2151
896.32	2153
896.831	2183
897.342	2163
897.853	2143
898.364	2165
898.875	2152
899.386	2168
899.897	2151
900.408	2107
900.919	2112
901.43	2145
901.941	2131
902.451	2088
902.962	2129
903.473	2101
903.984	2114
904.495	2071
905.005	2071
905.516	2091
906.027	2091
906.538	2048
907.048	2021
907.559	2019
908.069	1934
908.58	1906
909.091	1788
909.601	1621
910.112	1516
910.622	1345
911.133	1216
911.643	1130
912.154	1071
912.664	1051
913.174	1039
913.685	1020
914.195	1013
914.705	1013
915.216	1007
915.726	1005
916.236	1008
916.746	1004
917.256	1007
917.767	1005
918.277	1002
918.787	1001
919.297	1005
919.807	1000
920.317	1003
920.827	1002
921.337	1007
921.847	1002
922.357	1003
922.867	1004
923.377	1000
923.887	1002
924.397	1003
924.906	1004
925.416	1002
925.926	1004
926.436	1005
926.946	1001
927.455	1001
927.965	1003
928.475	1001
928.984	1002
929.494	1004
930.004	1007
930.513	1003
931.023	1003
931.532	1005
932.042	1000
932.551	999
933.061	1004
933.57	1004
934.08	1004
934.589	1006
935.098	1002
935.608	998
936.117	1001
936.626	1002
937.136	1000
937.645	1003
938.154	1001
938.663	1004
939.173	1003
939.682	1003
940.191	999
940.7	1000
941.209	1000
941.718	1000
942.227	1000
942.736	999
943.245	998
943.754	1000
944.263	999
944.772	1001
945.281	1000
945.79	1003
946.299	1001
946.807	999
947.316	1000
947.825	1003
948.334	1002
948.843	1003
949.351	1000
949.86	1002
950.369	1001
950.877	1003
951.386	1000
951.894	1001
952.403	1000
952.911	1001
953.42	1003
953.929	1001
954.437	999
954.945	1003
955.454	1000
955.962	1000
956.471	1002
956.979	1000
957.487	1001
957.996	1005
958.504	1004
959.012	1000
959.52	1005
960.029	1000
960.537	999
961.045	1002
961.553	1001
962.061	1003
962.569	1002
963.077	1002
963.585	1001
