432.895	1006
433.423	1004
433.95	1007
434.478	1010
435.006	1003
435.534	1004
436.062	1006
436.589	1002
437.117	1004
437.645	1007
438.172	1008
438.7	1003
439.228	1001
439.756	1003
440.283	1005
440.811	1005
441.338	1001
441.866	1006
442.394	1005
442.921	1004
443.449	1005
443.976	1004
444.504	1001
445.031	1007
445.559	1005
446.086	1005
446.614	1000
447.141	1002
447.669	1007
448.196	1003
448.724	1007
449.251	1002
449.778	1005
450.306	1005
450.833	1003
451.361	1004
451.888	1006
452.415	1003
452.943	1006
453.47	1006
453.997	1010
454.524	1004
455.052	1005
455.579	1003
456.106	1007
456.633	1005
457.16	1006
457.688	1001
458.215	1010
458.742	1005
459.269	1000
459.796	1004
460.323	1006
460.85	1004
461.377	1003
461.904	1004
462.431	1005
462.958	1005
463.485	1008
464.012	1002
464.539	1004
465.066	1006
465.593	1004
466.12	1005
466.647	1003
467.174	1003
467.701	1004
468.228	1009
468.755	1008
469.282	1006
469.808	1002
470.335	1004
470.862	1002
471.389	1005
471.915	1008
472.442	1011
472.969	1006
473.496	1008
474.022	1006
474.549	1003
475.076	1008
475.602	1006
476.129	1003
476.656	1008
477.182	1004
477.709	1007
478.235	1004
478.762	1004
479.289	1009
479.815	1008
480.342	1006
480.868	1005
481.395	1007
481.921	1002
482.448	1005
482.974	1007
483.5	1005
484.027	1005
484.553	1006
485.08	1007
485.606	1003
486.132	1004
486.659	1004
487.185	1007
487.711	1003
488.238	1007
488.764	1005
489.29	1004
489.816	1008
490.343	1007
490.869	1004
491.395	1004
491.921	1007
492.447	1006
492.973	1009
493.5	1008
494.026	1004
494.552	1006
495.078	1006
495.604	1007
496.13	1005
496.656	1010
497.182	1009
497.708	1005
498.234	1010
498.76	1011
499.286	1021
499.812	1040
500.338	1082
500.864	1139
501.39	1136
501.916	1148
502.441	1148
502.967	1146
503.493	1143
504.019	1157
504.545	1152
505.071	1146
505.596	1167
506.122	1160
506.648	1169
507.174	1158
507.699	1172
508.225	1167
508.751	1193
509.276	1179
509.802	1186
510.328	1191
510.853	1173
511.379	1186
511.904	1189
512.43	1186
512.955	1200
513.481	1209
514.006	1203
514.532	1206
515.057	1223
515.583	1218
516.108	1213
516.634	1237
517.159	1249
517.685	1232
518.21	1235
518.735	1246
519.261	1243
519.786	1250
520.311	1255
520.837	1275
521.362	1293
521.887	1278
522.413	1300
522.938	1330
523.463	1343
523.988	1360
524.513	1376
525.039	1406
525.564	1412
526.089	1435
526.614	1480
527.139	1498
527.664	1569
528.189	1553
528.714	1591
529.24	1598
529.765	1640
530.29	1692
530.815	1689
531.34	1732
531.865	1717
532.389	1781
532.914	1804
533.439	1922
533.964	1899
534.489	1991
535.014	2025
535.539	2122
536.064	2164
536.588	2205
537.113	2240
537.638	2255
538.163	2282
538.688	2308
539.212	2396
539.737	2356
540.262	2382
540.786	2394
541.311	2424
541.836	2512
542.36	2524
542.885	2502
543.41	2617
543.934	2614
544.459	2663
544.983	2737
545.508	2740
546.032	2684
546.557	2763
547.081	2830
547.606	2843
548.13	2893
548.655	2932
549.179	2978
549.704	2990
550.228	3050
550.752	3077
551.277	3186
551.801	3182
552.325	3263
552.85	3348
553.374	3354
553.898	3409
554.423	3480
554.947	3567
555.471	3653
555.995	3723
556.519	3731
557.044	3855
557.568	4043
558.092	4063
558.616	4207
559.14	4288
559.664	4441
560.188	4541
560.712	4657
561.236	4801
561.76	4928
562.284	5121
562.808	5214
563.332	5453
563.856	5567
564.38	5865
564.904	6053
565.428	6268
565.952	6427
566.476	6607
567	6791
567.523	6976
568.047	7096
568.571	7345
569.095	7624
569.619	7751
570.142	7919
570.666	8053
571.19	8262
571.714	8396
572.237	8607
572.761	8674
573.285	8614
573.808	8853
574.332	8790
574.855	8857
575.379	9111
575.903	9146
576.426	9009
576.95	8941
577.473	8844
577.997	8841
578.52	8908
579.044	8805
579.567	8761
580.09	8926
580.614	8748
581.137	8644
581.661	8591
582.184	8504
582.707	8341
583.231	8205
583.754	8191
584.277	7914
584.8	7853
585.324	7666
585.847	7628
586.37	7531
586.893	7411
587.417	7446
587.94	7454
588.463	7524
588.986	7683
589.509	7793
590.032	7854
590.555	7897
591.078	7873
591.601	7847
592.124	7757
592.647	7818
593.17	7839
593.693	7836
594.216	7982
594.739	7941
595.262	7973
595.785	8121
596.308	8012
596.831	8096
597.354	8203
597.877	8209
598.399	8201
598.922	8338
599.445	8195
599.968	8319
600.49	8507
601.013	8615
601.536	8737
602.059	8807
602.581	8837
603.104	9069
603.627	9064
604.149	9348
604.672	9384
605.194	9415
605.717	9614
606.24	9765
606.762	9991
607.285	10189
607.807	10223
608.33	10302
608.852	10518
609.374	10812
609.897	11007
610.419	11177
610.942	11386
611.464	11566
611.986	11730
612.509	12062
613.031	12170
613.553	12334
614.076	12520
614.598	12420
615.12	12574
615.642	12644
616.165	12566
616.687	12766
617.209	12854
617.731	12967
618.253	13166
618.775	13168
619.297	13270
619.82	13386
620.342	13469
620.864	13264
621.386	13199
621.908	13006
622.43	12907
622.952	12844
623.474	12685
623.996	12683
624.518	12548
625.039	12324
625.561	12212
626.083	12104
626.605	12007
627.127	11892
627.649	11659
628.171	11537
628.692	11221
629.214	11222
629.736	10961
630.258	10891
630.779	10708
631.301	10650
631.823	10479
632.344	10341
632.866	10222
633.388	9990
633.909	9962
634.431	9871
634.952	9914
635.474	9774
635.995	9632
636.517	9653
637.038	9575
637.56	9403
638.081	9503
638.603	9433
639.124	9468
639.646	9344
640.167	9311
640.688	9313
641.21	9289
641.731	9353
642.252	9247
642.773	9309
643.295	9217
643.816	9164
644.337	9098
644.859	9301
645.38	9184
645.901	9245
646.422	9389
646.943	9246
647.464	9305
647.985	9403
648.506	9389
649.028	9579
649.549	9591
650.07	9541
650.591	9601
651.112	9633
651.633	9767
652.154	9799
652.674	9724
653.195	9829
653.716	9986
654.237	9942
654.758	10007
655.279	9996
655.8	10095
656.321	10386
656.841	10244
657.362	10436
657.883	10622
658.404	10770
658.924	10780
659.445	10837
659.966	11120
660.486	11128
661.007	11307
661.528	11533
662.048	11559
662.569	11713
663.089	11817
663.61	12015
664.13	11982
664.651	12116
665.171	12298
665.692	12324
666.212	12394
666.733	12614
667.253	12744
667.774	12773
668.294	13049
668.814	13126
669.335	13350
669.855	13544
670.375	13646
670.896	13738
671.416	13648
671.936	13694
672.456	13650
672.977	13706
673.497	13807
674.017	13473
674.537	13459
675.057	13404
675.577	13293
676.097	13359
676.617	13200
677.137	12982
677.657	12954
678.177	12929
678.698	12772
679.217	12580
679.737	12506
680.257	12343
680.777	12112
681.297	12187
681.817	11776
682.337	11787
682.857	11656
683.377	11451
683.896	11358
684.416	11183
684.936	10990
685.456	10846
685.975	10641
686.495	10479
687.015	10445
687.535	10282
688.054	10212
688.574	10061
689.093	10100
689.613	9993
690.133	9845
690.652	9880
691.172	9796
691.691	9719
692.211	9653
692.73	9507
693.25	9501
693.769	9261
694.289	9292
694.808	9210
695.327	9060
695.847	8976
696.366	9045
696.885	9012
697.405	8938
697.924	8885
698.443	8831
698.962	8717
699.482	8735
700.001	8680
700.52	8827
701.039	8728
701.558	8680
702.078	8742
702.597	8779
703.116	8774
703.635	8769
704.154	8578
704.673	8765
705.192	8779
705.711	8697
706.23	8732
706.749	8722
707.268	8622
707.787	8695
708.306	8804
708.824	8763
709.343	8813
709.862	8689
710.381	8633
710.9	8761
711.419	8812
711.937	8856
712.456	8874
712.975	8911
713.493	8901
714.012	8940
714.531	9035
715.049	9111
715.568	9150
716.087	9261
716.605	9262
717.124	9329
717.642	9267
718.161	9318
718.679	9364
719.198	9445
719.716	9510
720.235	9523
720.753	9672
721.272	9615
721.79	9681
722.308	9803
722.827	9753
723.345	9889
723.863	9822
724.382	9932
724.9	10073
725.418	10174
725.936	10249
726.455	10392
726.973	10392
727.491	10428
728.009	10497
728.527	10708
729.045	10630
729.563	10843
730.081	10846
730.599	10881
731.117	10876
731.635	10963
732.153	10971
732.671	11069
733.189	10970
733.707	11087
734.225	11051
734.743	11145
735.261	11136
735.779	11176
736.297	11313
736.814	11258
737.332	11191
737.85	11244
738.368	11125
738.885	11273
739.403	11207
739.921	11192
740.439	11138
740.956	10951
741.474	10987
741.991	10928
742.509	10678
743.027	10713
743.544	10572
744.062	10432
744.579	10286
745.097	10294
745.614	10089
746.131	9973
746.649	9714
747.166	9729
747.684	9646
748.201	9333
748.718	9270
749.236	9128
749.753	9084
750.27	8808
750.788	8874
751.305	8889
751.822	8791
752.339	8666
752.856	8541
753.374	8514
753.891	8390
754.408	8248
754.925	8119
755.442	8080
755.959	7954
756.476	7878
756.993	7856
757.51	7682
758.027	7531
758.544	7527
759.061	7429
759.578	7268
760.095	7297
760.612	7105
761.128	7150
761.645	7132
762.162	7009
762.679	7004
763.196	6913
763.712	6935
764.229	6836
764.746	6814
765.263	6709
765.779	6758
766.296	6654
766.812	6694
767.329	6541
767.846	6543
768.362	6501
768.879	6409
769.395	6510
769.912	6450
770.428	6392
770.945	6263
771.461	6263
771.978	6150
772.494	6177
773.01	6141
773.527	6109
774.043	6029
774.559	6035
775.076	6018
775.592	6006
776.108	5925
776.624	5985
777.141	5900
777.657	5910
778.173	5841
778.689	5876
779.205	5881
779.721	5832
780.237	5743
780.753	5745
781.27	5767
781.786	5751
782.302	5671
782.818	5639
783.333	5733
783.849	5712
784.365	5718
784.881	5674
785.397	5726
785.913	5712
786.429	5617
786.945	5630
787.46	5689
787.976	5590
788.492	5612
789.008	5639
789.523	5595
790.039	5560
790.555	5569
791.07	5594
791.586	5616
792.102	5571
792.617	5570
793.133	5573
793.648	5469
794.164	5584
794.679	5506
795.195	5498
795.71	5499
796.226	5493
796.741	5503
797.256	5461
797.772	5449
798.287	5557
798.802	5515
799.318	5494
799.833	5510
800.348	5609
800.864	5579
801.379	5592
801.894	5571
802.409	5664
802.924	5694
803.44	5700
803.955	5761
804.47	5737
804.985	5715
805.5	5733
806.015	5697
806.53	5676
807.045	5676
807.56	5664
808.075	5637
808.59	5637
809.105	5623
809.619	5555
810.134	5553
810.649	5570
811.164	5578
811.679	5537
812.194	5615
812.708	5594
813.223	5569
813.738	5598
814.252	5545
814.767	5513
815.282	5526
815.796	5545
816.311	5513
816.826	5485
817.34	5512
817.855	5490
818.369	5414
818.884	5349
819.398	5339
819.913	5367
820.427	5309
820.941	5218
821.456	5233
821.97	5102
822.484	5177
822.999	5126
823.513	5113
824.027	5035
824.542	4965
825.056	4900
825.57	4839
826.084	4846
826.598	4783
827.113	4776
827.627	4720
828.141	4624
828.655	4559
829.169	4562
829.683	4530
830.197	4421
830.711	4488
831.225	4445
831.739	4450
832.253	4359
832.767	4300
833.281	4272
833.795	4277
834.308	4298
834.822	4173
835.336	4148
835.85	4157
836.364	4147
836.877	4018
837.391	4069
837.905	4023
838.418	3994
838.932	3944
839.446	3992
839.959	3913
840.473	3905
840.986	3896
841.5	3847
842.013	3923
842.527	3885
843.04	3860
843.554	3896
844.067	3825
844.581	3842
845.094	3846
845.607	3749
846.121	3781
846.634	3803
847.147	3795
847.661	3652
848.174	3676
848.687	3621
849.2	3657
849.714	3599
850.227	3598
850.74	3514
851.253	3577
851.766	3607
852.279	3625
852.792	3589
853.305	3596
853.818	3589
854.331	3596
854.844	3584
855.357	3607
855.87	3567
856.383	3580
856.896	3630
857.409	3631
857.921	3586
858.434	3581
858.947	3589
859.46	3653
859.973	3608
860.485	3569
860.998	3612
861.511	3650
862.023	3603
862.536	3633
863.049	3607
863.561	3506
864.074	3554
864.586	3606
865.099	3595
865.611	3562
866.124	3448
866.636	3497
867.149	3503
867.661	3470
868.173	3531
868.686	3545
869.198	3545
869.71	3532
870.223	3536
870.735	3625
871.247	3580
871.759	3572
872.272	3631
872.784	3636
873.296	3633
873.808	3650
874.32	3642
874.832	3631
875.344	3654
875.856	3648
876.368	3620
876.88	3628
877.392	3584
877.904	3551
878.416	3603
878.928	3593
879.44	3623
879.952	3626
880.464	3639
880.976	3657
881.487	3698
881.999	3673
882.511	3741
883.023	3717
883.534	3751
884.046	3672
884.558	3680
885.069	3710
885.581	3681
886.093	3658
886.604	3706
887.116	3715
887.627	3714
888.139	3671
888.65	3642
889.162	3631
889.673	3667
890.185	3744
890.696	3816
891.207	3860
891.719	3802
892.23	3891
892.741	3848
893.253	3939
893.764	3867
894.275	3863
894.786	3876
895.297	3848
895.809	3885
896.32	3898
896.831	3910
897.342	3813
897.853	3818
898.364	3911
898.875	3879
899.386	3958
899.897	3899
900.408	3913
900.919	3922
901.43	3879
901.941	3887
902.451	3923
902.962	3907
903.473	3843
903.984	3852
904.495	3873
905.005	3862
905.516	3753
906.027	3767
906.538	3703
907.048	3691
907.559	3584
908.069	3425
908.58	3213
909.091	2860
909.601	2472
910.112	2020
910.622	1699
911.133	1464
911.643	1344
912.154	1217
912.664	1155
913.174	1133
913.685	1079
914.195	1062
914.705	1066
915.216	1056
915.726	1048
916.236	1038
916.746	1029
917.256	1035
917.767	1026
918.277	1025
918.787	1021
919.297	1024
919.807	1023
920.317	1023
920.827	1016
921.337	1016
921.847	1023
922.357	1016
922.867	1013
923.377	1016
923.887	1018
924.397	1017
924.906	1014
925.416	1024
925.926	1017
926.436	1017
926.946	1018
927.455	1011
927.965	1017
928.475	1020
928.984	1014
929.494	1015
930.004	1016
930.513	1010
931.023	1009
931.532	1014
932.042	1020
932.551	1013
933.061	1017
933.57	1008
934.08	1014
934.589	1013
935.098	1013
935.608	1016
936.117	1014
936.626	1011
937.136	1012
937.645	1011
938.154	1013
938.663	1011
939.173	1009
939.682	1014
940.191	1010
940.7	1009
941.209	1013
941.718	1010
942.227	1007
942.736	1009
943.245	1009
943.754	1010
944.263	1012
944.772	1008
945.281	1009
945.79	1009
946.299	1010
946.807	1009
947.316	1006
947.825	1008
948.334	1011
948.843	1011
949.351	1007
949.86	1005
950.369	1006
950.877	1010
951.386	1008
951.894	1013
952.403	1009
952.911	1010
953.42	1008
953.929	1008
954.437	1009
954.945	1006
955.454	1007
955.962	1010
956.471	1004
956.979	1009
957.487	1006
957.996	1001
958.504	1005
959.012	1009
959.52	1006
960.029	1010
960.537	1006
961.045	1006
961.553	1013
962.061	1005
962.569	1010
963.077	1006
963.585	1008
