432.895	1007
433.423	1011
433.95	1004
434.478	1006
435.006	1014
435.534	1006
436.062	1010
436.589	1012
437.117	1009
437.645	1008
438.172	1008
438.7	1010
439.228	1008
439.756	1011
440.283	1013
440.811	1009
441.338	1014
441.866	1014
442.394	1009
442.921	1012
443.449	1014
443.976	1017
444.504	1009
445.031	1010
445.559	1013
446.086	1013
446.614	1011
447.141	1012
447.669	1011
448.196	1010
448.724	1008
449.251	1012
449.778	1013
450.306	1009
450.833	1011
451.361	1010
451.888	1012
452.415	1007
452.943	1013
453.47	1012
453.997	1012
454.524	1009
455.052	1011
455.579	1012
456.106	1010
456.633	1009
457.16	1010
457.688	1008
458.215	1008
458.742	1010
459.269	1013
459.796	1010
460.323	1009
460.85	1016
461.377	1016
461.904	1014
462.431	1010
462.958	1015
463.485	1013
464.012	1011
464.539	1014
465.066	1009
465.593	1017
466.12	1008
466.647	1009
467.174	1013
467.701	1014
468.228	1009
468.755	1013
469.282	1011
469.808	1008
470.335	1015
470.862	1010
471.389	1014
471.915	1012
472.442	1015
472.969	1013
473.496	1007
474.022	1015
474.549	1017
475.076	1017
475.602	1012
476.129	1014
476.656	1018
477.182	1016
477.709	1016
478.235	1012
478.762	1018
479.289	1014
479.815	1011
480.342	1014
480.868	1016
481.395	1015
481.921	1012
482.448	1016
482.974	1013
483.5	1019
484.027	1017
484.553	1020
485.08	1013
485.606	1014
486.132	1011
486.659	1018
487.185	1013
487.711	1018
488.238	1017
488.764	1015
489.29	1011
489.816	1017
490.343	1017
490.869	1013
491.395	1013
491.921	1019
492.447	1016
492.973	1017
493.5	1017
494.026	1018
494.552	1017
495.078	1014
495.604	1021
496.13	1021
496.656	1017
497.182	1025
497.708	1026
498.234	1031
498.76	1048
499.286	1074
499.812	1134
500.338	1221
500.864	1424
501.39	1662
501.916	1715
502.441	1788
502.967	1821
503.493	1847
504.019	1856
504.545	1882
505.071	1901
505.596	1939
506.122	1982
506.648	1996
507.174	2006
507.699	2062
508.225	2078
508.751	2082
509.276	2137
509.802	2158
510.328	2173
510.853	2221
511.379	2315
511.904	2368
512.43	2415
512.955	2384
513.481	2419
514.006	2475
514.532	2497
515.057	2539
515.583	2609
516.108	2639
516.634	2709
517.159	2799
517.685	2891
518.21	2962
518.735	2964
519.261	3020
519.786	3087
520.311	3182
520.837	3170
521.362	3249
521.887	3390
522.413	3453
522.938	3472
523.463	3523
523.988	3615
524.513	3701
525.039	3807
525.564	3854
526.089	3867
526.614	4008
527.139	4106
527.664	4164
528.189	4307
528.714	4285
529.24	4347
529.765	4393
530.29	4414
530.815	4386
531.34	4385
531.865	4445
532.389	4434
532.914	4422
533.439	4574
533.964	4767
534.489	4890
535.014	5062
535.539	5290
536.064	5556
536.588	5797
537.113	6012
537.638	6222
538.163	6417
538.688	6549
539.212	6708
539.737	6839
540.262	6898
540.786	7018
541.311	7206
541.836	7504
542.36	7560
542.885	7872
543.41	8173
543.934	8386
544.459	8682
544.983	9013
545.508	9091
546.032	9329
546.557	9460
547.081	9695
547.606	9897
548.13	10152
548.655	10502
549.179	10853
549.704	11112
550.228	11355
550.752	11679
551.277	11958
551.801	12193
552.325	12572
552.85	12742
553.374	13015
553.898	13383
554.423	13593
554.947	13896
555.471	14305
555.995	14814
556.519	15120
557.044	15562
557.568	15920
558.092	16196
558.616	16550
559.14	16858
559.664	17027
560.188	17529
560.712	17978
561.236	18068
561.76	18440
562.284	18768
562.808	19019
563.332	19509
563.856	19901
564.38	20471
564.904	20768
565.428	21224
565.952	21679
566.476	21839
567	22224
567.523	22456
568.047	22920
568.571	23396
569.095	23765
569.619	24136
570.142	24574
570.666	24916
571.19	25419
571.714	25673
572.237	26078
572.761	26610
573.285	26807
573.808	27269
574.332	27429
574.855	27693
575.379	27990
575.903	28389
576.426	28762
576.95	29204
577.473	29624
577.997	30177
578.52	30443
579.044	30950
579.567	31317
580.09	31805
580.614	32258
581.137	32567
581.661	33156
582.184	33455
582.707	33628
583.231	33821
583.754	34213
584.277	34699
584.8	34883
585.324	35242
585.847	35711
586.37	35847
586.893	36394
587.417	36678
587.94	37106
588.463	37809
588.986	38131
589.509	38440
590.032	38844
590.555	39214
591.078	39438
591.601	39814
592.124	40025
592.647	40399
593.17	40525
593.693	41268
594.216	41417
594.739	41955
595.262	42550
595.785	42659
596.308	43079
596.831	43864
597.354	44134
597.877	44355
598.399	44428
598.922	44524
599.445	44746
599.968	44605
600.49	44779
601.013	45109
601.536	45357
602.059	45673
602.581	45848
603.104	46132
603.627	46654
604.149	46656
604.672	46933
605.194	47005
605.717	47231
606.24	47784
606.762	48125
607.285	48184
607.807	48562
608.33	48659
608.852	48728
609.374	49214
609.897	49073
610.419	49660
610.942	50060
611.464	50130
611.986	50546
612.509	50689
613.031	50841
613.553	50608
614.076	50694
614.598	50685
615.12	50628
615.642	51191
616.165	51275
616.687	51806
617.209	51896
617.731	52056
618.253	52520
618.775	52916
619.297	53056
619.82	53448
620.342	53696
620.864	53951
621.386	54279
621.908	54803
622.43	55149
622.952	55064
623.474	55323
623.996	55445
624.518	55746
625.039	55826
625.561	55957
626.083	56340
626.605	56620
627.127	56731
627.649	57288
628.171	57346
628.692	57604
629.214	57948
629.736	58259
630.258	58274
630.779	58436
631.301	58745
631.823	58961
632.344	58834
632.866	59040
633.388	59367
633.909	59695
634.431	59872
634.952	60085
635.474	60152
635.995	60066
636.517	60687
637.038	60500
637.56	60609
638.081	60754
638.603	60808
639.124	60885
639.646	60882
640.167	60928
640.688	60962
641.21	60979
641.731	61017
642.252	61112
642.773	61033
643.295	61092
643.816	61087
644.337	61131
644.859	61078
645.38	61113
645.901	61078
646.422	61140
646.943	61153
647.464	61150
647.985	61216
648.506	61165
649.028	61158
649.549	61108
650.07	61237
650.591	61210
651.112	61190
651.633	61212
652.154	61248
652.674	61240
653.195	61244
653.716	61213
654.237	61226
654.758	61258
655.279	61204
655.8	61210
656.321	61264
656.841	61190
657.362	61234
657.883	61267
658.404	61249
658.924	61249
659.445	61295
659.966	61270
660.486	61285
661.007	61303
661.528	61273
662.048	61220
662.569	61318
663.089	61303
663.61	61327
664.13	61311
664.651	61262
665.171	61240
665.692	61346
666.212	61306
666.733	61340
667.253	61337
667.774	61352
668.294	61287
668.814	61294
669.335	61286
669.855	61282
670.375	61259
670.896	61338
671.416	61317
671.936	61336
672.456	61315
672.977	61347
673.497	61319
674.017	61358
674.537	61371
675.057	61356
675.577	61331
676.097	61350
676.617	61361
677.137	61340
677.657	61347
678.177	61406
678.698	61365
679.217	61336
679.737	61263
680.257	61346
680.777	61357
681.297	61392
681.817	61371
682.337	61380
682.857	61404
683.377	61352
683.896	61350
684.416	61402
684.936	61330
685.456	61310
685.975	61310
686.495	61349
687.015	61359
687.535	61340
688.054	61397
688.574	61369
689.093	61302
689.613	61435
690.133	61404
690.652	61358
691.172	61335
691.691	61409
692.211	61426
692.73	61393
693.25	61413
693.769	61355
694.289	61405
694.808	61375
695.327	61427
695.847	61412
696.366	61424
696.885	61362
697.405	61359
697.924	61415
698.443	61337
698.962	61341
699.482	61274
700.001	61372
700.52	61401
701.039	61364
701.558	61348
702.078	61384
702.597	61380
703.116	61417
703.635	61393
704.154	61290
704.673	61333
705.192	61331
705.711	61327
706.23	61388
706.749	61336
707.268	61406
707.787	61379
708.306	61323
708.824	61330
709.343	61352
709.862	61358
710.381	61265
710.9	61308
711.419	61342
711.937	61265
712.456	61284
712.975	61318
713.493	61344
714.012	61362
714.531	61336
715.049	61306
715.568	61349
716.087	61306
716.605	61360
717.124	61383
717.642	61306
718.161	61315
718.679	61332
719.198	61276
719.716	61266
720.235	61261
720.753	61222
721.272	61202
721.79	61174
722.308	61235
722.827	61216
723.345	61166
723.863	61153
724.382	61139
724.9	61159
725.418	61054
725.936	61050
726.455	61037
726.973	61011
727.491	60949
728.009	60973
728.527	60863
729.045	60850
729.563	60776
730.081	60719
730.599	60308
731.117	59895
731.635	59818
732.153	59627
732.671	59112
733.189	59100
733.707	58927
734.225	58831
734.743	58831
735.261	58933
735.779	58721
736.297	58722
736.814	58772
737.332	58428
737.85	58547
738.368	58309
738.885	58354
739.403	57961
739.921	57704
740.439	57519
740.956	57660
741.474	57154
741.991	57018
742.509	56650
743.027	56348
743.544	56473
744.062	55767
744.579	55695
745.097	55844
745.614	55713
746.131	56011
746.649	55668
747.166	55381
747.684	55460
748.201	54788
748.718	54069
749.236	53919
749.753	53642
750.27	53377
750.788	53151
751.305	52971
751.822	52875
752.339	52550
752.856	52634
753.374	52254
753.891	52157
754.408	51711
754.925	51616
755.442	51019
755.959	50953
756.476	50673
756.993	50297
757.51	49897
758.027	49574
758.544	49441
759.061	49119
759.578	49086
760.095	49068
760.612	49009
761.128	48623
761.645	48905
762.162	48670
762.679	48947
763.196	48653
763.712	48526
764.229	48445
764.746	48350
765.263	47934
765.779	47916
766.296	47817
766.812	47471
767.329	46861
767.846	47431
768.362	47352
768.879	47109
769.395	47044
769.912	46893
770.428	46835
770.945	46422
771.461	46415
771.978	46108
772.494	45494
773.01	45175
773.527	44913
774.043	44662
774.559	44150
775.076	43835
775.592	43527
776.108	43317
776.624	42878
777.141	42617
777.657	42463
778.173	42149
778.689	42027
779.205	41906
779.721	41569
780.237	41117
780.753	40929
781.27	40501
781.786	40456
782.302	40318
782.818	40130
783.333	40011
783.849	39417
784.365	39434
784.881	39213
785.397	39115
785.913	39012
786.429	38824
786.945	38475
787.46	38320
787.976	38118
788.492	37817
789.008	37997
789.523	37644
790.039	37317
790.555	37315
791.07	37155
791.586	36833
792.102	36486
792.617	36314
793.133	36233
793.648	36097
794.164	35885
794.679	35590
795.195	35471
795.71	35314
796.226	35006
796.741	34602
797.256	34555
797.772	34451
798.287	34189
798.802	33756
799.318	33552
799.833	33408
800.348	33069
800.864	33244
801.379	32847
801.894	32971
802.409	32721
802.924	32727
803.44	32764
803.955	32764
804.47	32844
804.985	32971
805.5	32469
806.015	32413
806.53	32149
807.045	31828
807.56	31758
808.075	31262
808.59	31080
809.105	30713
809.619	30276
810.134	30201
810.649	29980
811.164	29799
811.679	29561
812.194	29231
812.708	29223
813.223	29055
813.738	29000
814.252	28901
814.767	28908
815.282	28838
815.796	28932
816.311	28613
816.826	28850
817.34	28923
817.855	28651
818.369	28623
818.884	28686
819.398	28407
819.913	28273
820.427	28398
820.941	28291
821.456	27972
821.97	27760
822.484	27716
822.999	27640
823.513	27194
824.027	27112
824.542	27095
825.056	26870
825.57	26741
826.084	26865
826.598	26943
827.113	27030
827.627	26844
828.141	26702
828.655	26682
829.169	26625
829.683	26545
830.197	26610
830.711	26468
831.225	26250
831.739	26468
832.253	26235
832.767	26298
833.281	26318
833.795	26291
834.308	26180
834.822	26170
835.336	26116
835.85	25931
836.364	25839
836.877	25480
837.391	25328
837.905	25249
838.418	25094
838.932	25051
839.446	25122
839.959	24787
840.473	24722
840.986	24714
841.5	24549
842.013	24673
842.527	24587
843.04	24499
843.554	24555
844.067	24607
844.581	24830
845.094	24901
845.607	24955
846.121	24985
846.634	25153
847.147	24948
847.661	24639
848.174	24752
848.687	24435
849.2	24339
849.714	24336
850.227	24195
850.74	24115
851.253	23900
851.766	23874
852.279	23976
852.792	23999
853.305	23818
853.818	23772
854.331	23746
854.844	23642
855.357	23761
855.87	23539
856.383	23502
856.896	23403
857.409	23523
857.921	23400
858.434	23344
858.947	23191
859.46	23190
859.973	23335
860.485	23255
860.998	23220
861.511	23073
862.023	23123
862.536	23176
863.049	23216
863.561	23153
864.074	23178
864.586	22960
865.099	22885
865.611	22686
866.124	22583
866.636	22463
867.149	22215
867.661	22100
868.173	22175
868.686	22215
869.198	22012
869.71	21906
870.223	22113
870.735	22005
871.247	21797
871.759	21866
872.272	22030
872.784	21889
873.296	21991
873.808	21955
874.32	21866
874.832	22081
875.344	22110
875.856	22135
876.368	22048
876.88	21787
877.392	21757
877.904	21512
878.416	21394
878.928	21351
879.44	21326
879.952	21334
880.464	20999
880.976	21004
881.487	20842
881.999	20900
882.511	20764
883.023	20660
883.534	20705
884.046	20516
884.558	20683
885.069	20650
885.581	20733
886.093	20700
886.604	20478
887.116	20404
887.627	20303
888.139	20251
888.65	20180
889.162	19981
889.673	19841
890.185	19944
890.696	20050
891.207	19873
891.719	19971
892.23	19753
892.741	19742
893.253	19611
893.764	19447
894.275	19304
894.786	19264
895.297	19008
895.809	19134
896.32	19093
896.831	18888
897.342	18876
897.853	18797
898.364	18704
898.875	18829
899.386	18800
899.897	18675
900.408	18519
900.919	18501
901.43	18632
901.941	18347
902.451	18426
902.962	18131
903.473	18044
903.984	17835
904.495	17787
905.005	17795
905.516	17546
906.027	17429
906.538	17140
907.048	17010
907.559	16551
908.069	16078
908.58	15157
909.091	13757
909.601	11756
910.112	9318
910.622	6870
911.133	4801
911.643	3287
912.154	2375
912.664	1848
913.174	1551
913.685	1381
914.195	1309
914.705	1251
915.216	1203
915.726	1159
916.236	1155
916.746	1146
917.256	1140
917.767	1136
918.277	1125
918.787	1121
919.297	1111
919.807	1119
920.317	1104
920.827	1105
921.337	1107
921.847	1110
922.357	1103
922.867	1110
923.377	1107
923.887	1104
924.397	1108
924.906	1108
925.416	1096
925.926	1102
926.436	1109
926.946	1093
927.455	1104
927.965	1095
928.475	1085
928.984	1099
929.494	1095
930.004	1090
930.513	1098
931.023	1099
931.532	1095
932.042	1100
932.551	1090
933.061	1086
933.57	1087
934.08	1093
934.589	1087
935.098	1081
935.608	1078
936.117	1087
936.626	1090
937.136	1082
937.645	1076
938.154	1083
938.663	1077
939.173	1070
939.682	1069
940.191	1071
940.7	1070
941.209	1073
941.718	1063
942.227	1073
942.736	1067
943.245	1064
943.754	1062
944.263	1067
944.772	1055
945.281	1062
945.79	1061
946.299	1068
946.807	1063
947.316	1060
947.825	1056
948.334	1053
948.843	1053
949.351	1057
949.86	1057
950.369	1058
950.877	1050
951.386	1062
951.894	1050
952.403	1057
952.911	1054
953.42	1053
953.929	1054
954.437	1053
954.945	1056
955.454	1057
955.962	1052
956.471	1056
956.979	1055
957.487	1059
957.996	1051
958.504	1054
959.012	1052
959.52	1056
960.029	1053
960.537	1053
961.045	1057
961.553	1052
962.061	1063
962.569	1054
963.077	1061
963.585	1058
