432.895	1009
433.423	1008
433.95	1009
434.478	1009
435.006	1003
435.534	1007
436.062	1007
436.589	1005
437.117	1005
437.645	1006
438.172	1005
438.7	1008
439.228	1003
439.756	1006
440.283	1007
440.811	1006
441.338	1005
441.866	1009
442.394	1007
442.921	1009
443.449	1004
443.976	1007
444.504	1005
445.031	1006
445.559	1007
446.086	1010
446.614	1010
447.141	1008
447.669	1006
448.196	1008
448.724	1011
449.251	1007
449.778	1003
450.306	1008
450.833	1003
451.361	1010
451.888	1010
452.415	1007
452.943	1002
453.47	1005
453.997	1004
454.524	1006
455.052	1011
455.579	1007
456.106	1013
456.633	1010
457.16	1010
457.688	1009
458.215	1009
458.742	1008
459.269	1004
459.796	1009
460.323	1009
460.85	1008
461.377	1009
461.904	1011
462.431	1007
462.958	1007
463.485	1004
464.012	1009
464.539	1007
465.066	1009
465.593	1010
466.12	1006
466.647	1008
467.174	1004
467.701	1007
468.228	1004
468.755	1006
469.282	1016
469.808	1005
470.335	1007
470.862	1006
471.389	1005
471.915	1008
472.442	1005
472.969	1002
473.496	1013
474.022	1008
474.549	1008
475.076	1011
475.602	1007
476.129	1007
476.656	1007
477.182	1009
477.709	1011
478.235	1009
478.762	1011
479.289	1009
479.815	1008
480.342	1009
480.868	1010
481.395	1010
481.921	1009
482.448	1016
482.974	1013
483.5	1013
484.027	1009
484.553	1006
485.08	1009
485.606	1008
486.132	1012
486.659	1010
487.185	1009
487.711	1011
488.238	1012
488.764	1010
489.29	1012
489.816	1012
490.343	1012
490.869	1009
491.395	1011
491.921	1012
492.447	1013
492.973	1012
493.5	1015
494.026	1013
494.552	1010
495.078	1012
495.604	1015
496.13	1009
496.656	1021
497.182	1019
497.708	1019
498.234	1025
498.76	1030
499.286	1043
499.812	1072
500.338	1137
500.864	1247
501.39	1386
501.916	1425
502.441	1448
502.967	1476
503.493	1479
504.019	1496
504.545	1496
505.071	1499
505.596	1548
506.122	1561
506.648	1569
507.174	1558
507.699	1587
508.225	1671
508.751	1650
509.276	1672
509.802	1686
510.328	1712
510.853	1714
511.379	1754
511.904	1773
512.43	1805
512.955	1842
513.481	1817
514.006	1887
514.532	1871
515.057	1918
515.583	1924
516.108	1990
516.634	2033
517.159	2074
517.685	2100
518.21	2167
518.735	2115
519.261	2161
519.786	2269
520.311	2246
520.837	2340
521.362	2308
521.887	2408
522.413	2382
522.938	2492
523.463	2481
523.988	2537
524.513	2546
525.039	2608
525.564	2675
526.089	2724
526.614	2756
527.139	2806
527.664	2870
528.189	2949
528.714	3011
529.24	3033
529.765	3040
530.29	3066
530.815	3062
531.34	3024
531.865	3069
532.389	3045
532.914	3054
533.439	3224
533.964	3290
534.489	3393
535.014	3538
535.539	3693
536.064	3819
536.588	3978
537.113	4154
537.638	4272
538.163	4397
538.688	4514
539.212	4530
539.737	4550
540.262	4655
540.786	4816
541.311	4863
541.836	5010
542.36	5197
542.885	5373
543.41	5451
543.934	5699
544.459	5817
544.983	5959
545.508	6161
546.032	6162
546.557	6365
547.081	6412
547.606	6678
548.13	6754
548.655	7009
549.179	7066
549.704	7284
550.228	7429
550.752	7648
551.277	7828
551.801	8029
552.325	8099
552.85	8345
553.374	8369
553.898	8537
554.423	8824
554.947	8937
555.471	9203
555.995	9354
556.519	9620
557.044	9791
557.568	9983
558.092	10227
558.616	10411
559.14	10454
559.664	10717
560.188	10819
560.712	11109
561.236	11257
561.76	11387
562.284	11794
562.808	11854
563.332	11985
563.856	12360
564.38	12504
564.904	12720
565.428	13140
565.952	13236
566.476	13283
567	13525
567.523	13832
568.047	13828
568.571	14152
569.095	14506
569.619	14501
570.142	14842
570.666	15160
571.19	15335
571.714	15558
572.237	15918
572.761	16076
573.285	16216
573.808	16280
574.332	16307
574.855	16701
575.379	16789
575.903	17058
576.426	17248
576.95	17498
577.473	17905
577.997	17966
578.52	18182
579.044	18473
579.567	18742
580.09	18983
580.614	19176
581.137	19386
581.661	19720
582.184	19791
582.707	20119
583.231	20129
583.754	20314
584.277	20657
584.8	20723
585.324	20823
585.847	21160
586.37	21396
586.893	21625
587.417	21924
587.94	22282
588.463	22290
588.986	22601
589.509	23037
590.032	23115
590.555	23101
591.078	23472
591.601	23642
592.124	23806
592.647	23938
593.17	24107
593.693	24475
594.216	24601
594.739	24850
595.262	25328
595.785	25513
596.308	25720
596.831	26134
597.354	26221
597.877	26308
598.399	26588
598.922	26512
599.445	26748
599.968	26541
600.49	26751
601.013	26877
601.536	26869
602.059	27228
602.581	27395
603.104	27647
603.627	27687
604.149	27840
604.672	28044
605.194	28238
605.717	28544
606.24	28800
606.762	28666
607.285	28846
607.807	29242
608.33	29192
608.852	29352
609.374	29465
609.897	29661
610.419	29945
610.942	30038
611.464	30274
611.986	30265
612.509	30328
613.031	30465
613.553	30615
614.076	30632
614.598	30619
615.12	30663
615.642	30835
616.165	30915
616.687	31332
617.209	31273
617.731	31601
618.253	31866
618.775	32287
619.297	32469
619.82	32674
620.342	32653
620.864	33143
621.386	33231
621.908	33453
622.43	33539
622.952	33688
623.474	33847
623.996	33996
624.518	34329
625.039	34243
625.561	34366
626.083	34662
626.605	34849
627.127	35131
627.649	35426
628.171	35378
628.692	35851
629.214	36028
629.736	36179
630.258	36098
630.779	36240
631.301	36515
631.823	36460
632.344	36820
632.866	37287
633.388	37214
633.909	37537
634.431	37616
634.952	37736
635.474	37879
635.995	37990
636.517	38219
637.038	38340
637.56	38619
638.081	38949
638.603	38975
639.124	39427
639.646	39643
640.167	39872
640.688	40268
641.21	40389
641.731	40616
642.252	40799
642.773	40954
643.295	41135
643.816	41258
644.337	41480
644.859	41654
645.38	41949
645.901	41664
646.422	41937
646.943	42107
647.464	42354
647.985	42386
648.506	42859
649.028	42944
649.549	42822
650.07	43295
650.591	43072
651.112	43443
651.633	43629
652.154	43961
652.674	43923
653.195	43771
653.716	44015
654.237	44158
654.758	44116
655.279	44218
655.8	44061
656.321	44171
656.841	44127
657.362	44154
657.883	44551
658.404	44536
658.924	44623
659.445	45106
659.966	45340
660.486	45425
661.007	45493
661.528	45388
662.048	45680
662.569	45493
663.089	45734
663.61	45425
664.13	45363
664.651	45474
665.171	45144
665.692	45110
666.212	45229
666.733	45248
667.253	45370
667.774	45220
668.294	45724
668.814	45989
669.335	46317
669.855	46605
670.375	46709
670.896	46791
671.416	46848
671.936	46608
672.456	47006
672.977	46713
673.497	46639
674.017	46568
674.537	46516
675.057	46379
675.577	46474
676.097	46184
676.617	46168
677.137	46189
677.657	46372
678.177	46192
678.698	46557
679.217	46750
679.737	46681
680.257	47006
680.777	46606
681.297	46970
681.817	46685
682.337	46886
682.857	46821
683.377	46952
683.896	46633
684.416	46579
684.936	46685
685.456	46310
685.975	46373
686.495	46407
687.015	46663
687.535	46907
688.054	46699
688.574	46655
689.093	47176
689.613	47267
690.133	47331
690.652	47683
691.172	47878
691.691	48171
692.211	48353
692.73	48609
693.25	48651
693.769	48397
694.289	48407
694.808	48112
695.327	48223
695.847	47990
696.366	47955
696.885	47930
697.405	47691
697.924	47857
698.443	48164
698.962	47998
699.482	47732
700.001	48029
700.52	48387
701.039	48361
701.558	48699
702.078	48673
702.597	48391
703.116	48313
703.635	48195
704.154	48094
704.673	48031
705.192	48363
705.711	48227
706.23	48374
706.749	48416
707.268	48549
707.787	48547
708.306	48679
708.824	48530
709.343	48636
709.862	48446
710.381	48473
710.9	48544
711.419	48556
711.937	48352
712.456	48433
712.975	48469
713.493	48767
714.012	48989
714.531	48841
715.049	48934
715.568	48900
716.087	48868
716.605	48860
717.124	48989
717.642	48798
718.161	48959
718.679	48871
719.198	48576
719.716	48443
720.235	48028
720.753	47993
721.272	48134
721.79	48089
722.308	47823
722.827	47758
723.345	47935
723.863	47679
724.382	47581
724.9	47651
725.418	47684
725.936	47040
726.455	47033
726.973	47248
727.491	47175
728.009	47064
728.527	46848
729.045	46804
729.563	46793
730.081	46402
730.599	46219
731.117	45984
731.635	45551
732.153	45598
732.671	45724
733.189	45640
733.707	45305
734.225	45110
734.743	45074
735.261	45208
735.779	45404
736.297	45342
736.814	45372
737.332	44937
737.85	45161
738.368	45412
738.885	44927
739.403	44883
739.921	44734
740.439	44760
740.956	44516
741.474	44254
741.991	44321
742.509	43928
743.027	43762
743.544	43755
744.062	43683
744.579	43404
745.097	43321
745.614	43370
746.131	43321
746.649	43518
747.166	43387
747.684	43288
748.201	42864
748.718	42667
749.236	42183
749.753	41813
750.27	41724
750.788	41528
751.305	41687
751.822	41526
752.339	41817
752.856	41535
753.374	41304
753.891	41099
754.408	40788
754.925	40737
755.442	40414
755.959	40119
756.476	39836
756.993	39701
757.51	39767
758.027	39343
758.544	39039
759.061	39020
759.578	38814
760.095	38963
760.612	38808
761.128	38959
761.645	38744
762.162	38759
762.679	38832
763.196	38904
763.712	38723
764.229	38575
764.746	38556
765.263	38278
765.779	38199
766.296	38164
766.812	37732
767.329	37554
767.846	37568
768.362	37662
768.879	37536
769.395	37299
769.912	37294
770.428	37272
770.945	37126
771.461	37096
771.978	36530
772.494	36352
773.01	36000
773.527	35901
774.043	35544
774.559	35777
775.076	35349
775.592	35055
776.108	34861
776.624	34594
777.141	34355
777.657	34172
778.173	33985
778.689	33603
779.205	33487
779.721	33318
780.237	33144
780.753	32826
781.27	32885
781.786	32617
782.302	32476
782.818	32294
783.333	32032
783.849	31882
784.365	31636
784.881	31617
785.397	31542
785.913	31500
786.429	31202
786.945	31241
787.46	31092
787.976	30934
788.492	30934
789.008	30770
789.523	30521
790.039	30174
790.555	30325
791.07	30244
791.586	29939
792.102	29717
792.617	29569
793.133	29407
793.648	29342
794.164	29181
794.679	29188
795.195	28888
795.71	28752
796.226	28665
796.741	28380
797.256	28098
797.772	27839
798.287	27803
798.802	27558
799.318	27291
799.833	27372
800.348	27070
800.864	27031
801.379	27215
801.894	27035
802.409	26827
802.924	26912
803.44	26869
803.955	27130
804.47	26855
804.985	26814
805.5	26867
806.015	26487
806.53	26414
807.045	25990
807.56	25914
808.075	25515
808.59	25455
809.105	25239
809.619	25016
810.134	24750
810.649	24692
811.164	24566
811.679	24487
812.194	24080
812.708	24063
813.223	24019
813.738	23898
814.252	23977
814.767	23827
815.282	23745
815.796	23848
816.311	23818
816.826	23770
817.34	23811
817.855	23780
818.369	23749
818.884	23574
819.398	23469
819.913	23300
820.427	23285
820.941	23210
821.456	23213
821.97	22920
822.484	23032
822.999	22862
823.513	22845
824.027	22660
824.542	22506
825.056	22464
825.57	22354
826.084	22259
826.598	22336
827.113	22146
827.627	22193
828.141	22253
828.655	22278
829.169	22233
829.683	22122
830.197	22197
830.711	22014
831.225	21861
831.739	21823
832.253	21690
832.767	21767
833.281	21606
833.795	21918
834.308	21937
834.822	21791
835.336	21618
835.85	21472
836.364	21391
836.877	21280
837.391	21132
837.905	21101
838.418	20924
838.932	20693
839.446	20545
839.959	20604
840.473	20650
840.986	20511
841.5	20395
842.013	20471
842.527	20512
843.04	20424
843.554	20386
844.067	20477
844.581	20669
845.094	20783
845.607	20716
846.121	20729
846.634	20645
847.147	20635
847.661	20628
848.174	20480
848.687	20380
849.2	20339
849.714	20161
850.227	20103
850.74	20068
851.253	19942
851.766	20041
852.279	19941
852.792	19759
853.305	19880
853.818	19819
854.331	19750
854.844	19663
855.357	19781
855.87	19596
856.383	19460
856.896	19630
857.409	19507
857.921	19512
858.434	19332
858.947	19510
859.46	19470
859.973	19493
860.485	19406
860.998	19337
861.511	19330
862.023	19406
862.536	19413
863.049	19306
863.561	19480
864.074	19291
864.586	19062
865.099	19132
865.611	18986
866.124	18690
866.636	18728
867.149	18576
867.661	18521
868.173	18547
868.686	18463
869.198	18496
869.71	18373
870.223	18325
870.735	18224
871.247	18454
871.759	18421
872.272	18308
872.784	18281
873.296	18410
873.808	18444
874.32	18300
874.832	18377
875.344	18469
875.856	18443
876.368	18429
876.88	18231
877.392	18140
877.904	18100
878.416	17984
878.928	17982
879.44	17674
879.952	17713
880.464	17646
880.976	17568
881.487	17419
881.999	17461
882.511	17328
883.023	17278
883.534	17366
884.046	17359
884.558	17409
885.069	17341
885.581	17521
886.093	17288
886.604	17300
887.116	17107
887.627	17016
888.139	16974
888.65	16831
889.162	16895
889.673	16920
890.185	16869
890.696	16676
891.207	16778
891.719	16715
892.23	16779
892.741	16408
893.253	16565
893.764	16324
894.275	16295
894.786	16087
895.297	16069
895.809	16127
896.32	16105
896.831	16061
897.342	15883
897.853	15923
898.364	15931
898.875	15852
899.386	15680
899.897	15633
900.408	15787
900.919	15592
901.43	15582
901.941	15663
902.451	15450
902.962	15472
903.473	15329
903.984	15189
904.495	15189
905.005	15061
905.516	14832
906.027	14951
906.538	14678
907.048	14237
907.559	14138
908.069	13654
908.58	12768
909.091	11730
909.601	10086
910.112	8047
910.622	6026
911.133	4190
911.643	2949
912.154	2145
912.664	1683
913.174	1431
913.685	1280
914.195	1214
914.705	1160
915.216	1129
915.726	1113
916.236	1096
916.746	1090
917.256	1080
917.767	1060
918.277	1068
918.787	1067
919.297	1049
919.807	1049
920.317	1044
920.827	1055
921.337	1051
921.847	1050
922.357	1041
922.867	1047
923.377	1052
923.887	1052
924.397	1049
924.906	1049
925.416	1044
925.926	1051
926.436	1042
926.946	1047
927.455	1040
927.965	1041
928.475	1036
928.984	1044
929.494	1049
930.004	1044
930.513	1040
931.023	1044
931.532	1035
932.042	1041
932.551	1038
933.061	1035
933.57	1035
934.08	1032
934.589	1040
935.098	1031
935.608	1032
936.117	1035
936.626	1035
937.136	1031
937.645	1027
938.154	1029
938.663	1030
939.173	1025
939.682	1022
940.191	1025
940.7	1018
941.209	1021
941.718	1026
942.227	1028
942.736	1020
943.245	1017
943.754	1016
944.263	1020
944.772	1010
945.281	1013
945.79	1018
946.299	1017
946.807	1023
947.316	1012
947.825	1014
948.334	1016
948.843	1019
949.351	1014
949.86	1020
950.369	1013
950.877	1014
951.386	1017
951.894	1013
952.403	1011
952.911	1015
953.42	1011
953.929	1014
954.437	1010
954.945	1010
955.454	1009
955.962	1011
956.471	1010
956.979	1004
957.487	1013
957.996	1014
958.504	1016
959.012	1010
959.52	1012
960.029	1009
960.537	1014
961.045	1016
961.553	1017
962.061	1018
962.569	1011
963.077	1016
963.585	1011
