432.895	1002
433.423	1001
433.95	999
434.478	1000
435.006	998
435.534	998
436.062	999
436.589	1000
437.117	999
437.645	999
438.172	1000
438.7	999
439.228	999
439.756	999
440.283	998
440.811	1001
441.338	999
441.866	999
442.394	997
442.921	1000
443.449	1000
443.976	999
444.504	996
445.031	997
445.559	999
446.086	1001
446.614	996
447.141	999
447.669	1000
448.196	998
448.724	998
449.251	1000
449.778	1001
450.306	1000
450.833	1000
451.361	1000
451.888	997
452.415	999
452.943	1000
453.47	1000
453.997	999
454.524	996
455.052	1005
455.579	997
456.106	1003
456.633	1000
457.16	999
457.688	999
458.215	999
458.742	998
459.269	1001
459.796	1003
460.323	998
460.85	1001
461.377	1001
461.904	999
462.431	1000
462.958	1001
463.485	1000
464.012	1001
464.539	999
465.066	996
465.593	999
466.12	1003
466.647	999
467.174	999
467.701	999
468.228	1002
468.755	998
469.282	999
469.808	997
470.335	1001
470.862	1000
471.389	997
471.915	998
472.442	999
472.969	1001
473.496	998
474.022	1001
474.549	999
475.076	998
475.602	1000
476.129	1000
476.656	997
477.182	1003
477.709	1004
478.235	999
478.762	1001
479.289	998
479.815	1000
480.342	1004
480.868	1001
481.395	997
481.921	998
482.448	1000
482.974	1000
483.5	1001
484.027	1000
484.553	1000
485.08	1003
485.606	999
486.132	998
486.659	1000
487.185	1001
487.711	999
488.238	1003
488.764	998
489.29	997
489.816	999
490.343	1000
490.869	995
491.395	1001
491.921	1001
492.447	998
492.973	1002
493.5	1001
494.026	1000
494.552	1000
495.078	1000
495.604	1001
496.13	1003
496.656	1001
497.182	999
497.708	1002
498.234	998
498.76	1002
499.286	1004
499.812	1017
500.338	1026
500.864	1034
501.39	1036
501.916	1040
502.441	1035
502.967	1042
503.493	1038
504.019	1041
504.545	1040
505.071	1047
505.596	1050
506.122	1035
506.648	1041
507.174	1042
507.699	1050
508.225	1038
508.751	1041
509.276	1036
509.802	1043
510.328	1052
510.853	1052
511.379	1044
511.904	1042
512.43	1056
512.955	1060
513.481	1048
514.006	1056
514.532	1060
515.057	1058
515.583	1052
516.108	1060
516.634	1059
517.159	1062
517.685	1061
518.21	1065
518.735	1073
519.261	1068
519.786	1081
520.311	1073
520.837	1093
521.362	1109
521.887	1096
522.413	1111
522.938	1124
523.463	1132
523.988	1134
524.513	1136
525.039	1145
525.564	1180
526.089	1185
526.614	1211
527.139	1212
527.664	1216
528.189	1235
528.714	1236
529.24	1243
529.765	1259
530.29	1287
530.815	1301
531.34	1294
531.865	1333
532.389	1310
532.914	1324
533.439	1385
533.964	1376
534.489	1377
535.014	1400
535.539	1438
536.064	1461
536.588	1482
537.113	1465
537.638	1481
538.163	1497
538.688	1522
539.212	1525
539.737	1494
540.262	1487
540.786	1515
541.311	1522
541.836	1536
542.36	1518
542.885	1541
543.41	1542
543.934	1600
544.459	1583
544.983	1590
545.508	1550
546.032	1588
546.557	1587
547.081	1578
547.606	1631
548.13	1631
548.655	1623
549.179	1623
549.704	1653
550.228	1613
550.752	1663
551.277	1661
551.801	1660
552.325	1703
552.85	1704
553.374	1724
553.898	1727
554.423	1749
554.947	1772
555.471	1783
555.995	1762
556.519	1836
557.044	1852
557.568	1837
558.092	1864
558.616	1883
559.14	1936
559.664	1959
560.188	1994
560.712	2036
561.236	2040
561.76	2116
562.284	2112
562.808	2165
563.332	2242
563.856	2243
564.38	2284
564.904	2354
565.428	2373
565.952	2401
566.476	2427
567	2489
567.523	2569
568.047	2569
568.571	2594
569.095	2652
569.619	2664
570.142	2697
570.666	2777
571.19	2788
571.714	2766
572.237	2842
572.761	2842
573.285	2860
573.808	2860
574.332	2814
574.855	2869
575.379	2904
575.903	2851
576.426	2794
576.95	2812
577.473	2782
577.997	2756
578.52	2743
579.044	2720
579.567	2709
580.09	2676
580.614	2683
581.137	2646
581.661	2662
582.184	2610
582.707	2570
583.231	2542
583.754	2449
584.277	2464
584.8	2431
585.324	2381
585.847	2383
586.37	2314
586.893	2282
587.417	2291
587.94	2302
588.463	2351
588.986	2325
589.509	2323
590.032	2301
590.555	2287
591.078	2287
591.601	2261
592.124	2304
592.647	2238
593.17	2325
593.693	2268
594.216	2243
594.739	2250
595.262	2276
595.785	2258
596.308	2264
596.831	2232
597.354	2316
597.877	2239
598.399	2281
598.922	2233
599.445	2173
599.968	2236
600.49	2272
601.013	2253
601.536	2273
602.059	2258
602.581	2272
603.104	2270
603.627	2287
604.149	2278
604.672	2278
605.194	2283
605.717	2328
606.24	2303
606.762	2343
607.285	2420
607.807	2351
608.33	2376
608.852	2411
609.374	2450
609.897	2473
610.419	2488
610.942	2477
611.464	2516
611.986	2551
612.509	2492
613.031	2557
613.553	2558
614.076	2532
614.598	2566
615.12	2588
615.642	2554
616.165	2581
616.687	2589
617.209	2569
617.731	2546
618.253	2570
618.775	2575
619.297	2560
619.82	2563
620.342	2557
620.864	2532
621.386	2552
621.908	2509
622.43	2471
622.952	2478
623.474	2402
623.996	2418
624.518	2358
625.039	2346
625.561	2304
626.083	2284
626.605	2265
627.127	2247
627.649	2254
628.171	2196
628.692	2209
629.214	2146
629.736	2139
630.258	2148
630.779	2093
631.301	2103
631.823	2053
632.344	2015
632.866	2035
633.388	2048
633.909	1966
634.431	1995
634.952	1950
635.474	1967
635.995	1935
636.517	1946
637.038	1920
637.56	1890
638.081	1901
638.603	1901
639.124	1873
639.646	1894
640.167	1872
640.688	1822
641.21	1852
641.731	1841
642.252	1833
642.773	1853
643.295	1854
643.816	1837
644.337	1810
644.859	1788
645.38	1830
645.901	1788
646.422	1799
646.943	1806
647.464	1803
647.985	1787
648.506	1811
649.028	1796
649.549	1817
650.07	1787
650.591	1849
651.112	1830
651.633	1821
652.154	1875
652.674	1870
653.195	1881
653.716	1870
654.237	1859
654.758	1923
655.279	1846
655.8	1864
656.321	1834
656.841	1858
657.362	1892
657.883	1864
658.404	1898
658.924	1938
659.445	1987
659.966	1965
660.486	1948
661.007	1941
661.528	1976
662.048	1960
662.569	1985
663.089	1988
663.61	2013
664.13	1965
664.651	1984
665.171	2001
665.692	2013
666.212	2012
666.733	2052
667.253	2048
667.774	2051
668.294	2049
668.814	2077
669.335	2074
669.855	2110
670.375	2074
670.896	2137
671.416	2127
671.936	2115
672.456	2075
672.977	2092
673.497	2051
674.017	2069
674.537	2072
675.057	2058
675.577	2036
676.097	2068
676.617	2025
677.137	2025
677.657	2008
678.177	1996
678.698	1993
679.217	2020
679.737	1960
680.257	1962
680.777	1953
681.297	1917
681.817	1876
682.337	1858
682.857	1858
683.377	1857
683.896	1816
684.416	1822
684.936	1838
685.456	1792
685.975	1793
686.495	1788
687.015	1767
687.535	1761
688.054	1767
688.574	1735
689.093	1779
689.613	1786
690.133	1728
690.652	1729
691.172	1743
691.691	1730
692.211	1723
692.73	1699
693.25	1722
693.769	1704
694.289	1687
694.808	1670
695.327	1704
695.847	1654
696.366	1645
696.885	1653
697.405	1634
697.924	1624
698.443	1633
698.962	1618
699.482	1619
700.001	1633
700.52	1591
701.039	1605
701.558	1615
702.078	1627
702.597	1625
703.116	1614
703.635	1609
704.154	1572
704.673	1595
705.192	1619
705.711	1615
706.23	1610
706.749	1591
707.268	1625
707.787	1601
708.306	1602
708.824	1612
709.343	1616
709.862	1623
710.381	1607
710.9	1629
711.419	1641
711.937	1618
712.456	1649
712.975	1624
713.493	1618
714.012	1658
714.531	1643
715.049	1688
715.568	1656
716.087	1649
716.605	1658
717.124	1658
717.642	1648
718.161	1645
718.679	1659
719.198	1677
719.716	1674
720.235	1634
720.753	1707
721.272	1658
721.79	1720
722.308	1688
722.827	1736
723.345	1696
723.863	1702
724.382	1722
724.9	1713
725.418	1732
725.936	1755
726.455	1730
726.973	1755
727.491	1741
728.009	1753
728.527	1789
729.045	1773
729.563	1769
730.081	1770
730.599	1800
731.117	1785
731.635	1802
732.153	1807
732.671	1810
733.189	1775
733.707	1823
734.225	1780
734.743	1813
735.261	1813
735.779	1846
736.297	1803
736.814	1826
737.332	1826
737.85	1825
738.368	1790
738.885	1798
739.403	1852
739.921	1800
740.439	1806
740.956	1802
741.474	1809
741.991	1829
742.509	1805
743.027	1779
743.544	1772
744.062	1761
744.579	1766
745.097	1763
745.614	1741
746.131	1721
746.649	1712
747.166	1681
747.684	1640
748.201	1646
748.718	1645
749.236	1637
749.753	1649
750.27	1612
750.788	1642
751.305	1617
751.822	1631
752.339	1624
752.856	1655
753.374	1609
753.891	1584
754.408	1582
754.925	1567
755.442	1591
755.959	1562
756.476	1581
756.993	1547
757.51	1513
758.027	1516
758.544	1529
759.061	1513
759.578	1499
760.095	1507
760.612	1486
761.128	1484
761.645	1500
762.162	1497
762.679	1492
763.196	1480
763.712	1473
764.229	1485
764.746	1498
765.263	1455
765.779	1476
766.296	1447
766.812	1465
767.329	1443
767.846	1431
768.362	1420
768.879	1417
769.395	1421
769.912	1432
770.428	1412
770.945	1424
771.461	1411
771.978	1419
772.494	1405
773.01	1401
773.527	1396
774.043	1402
774.559	1381
775.076	1368
775.592	1385
776.108	1414
776.624	1404
777.141	1381
777.657	1389
778.173	1367
778.689	1383
779.205	1383
779.721	1353
780.237	1397
780.753	1373
781.27	1374
781.786	1373
782.302	1375
782.818	1356
783.333	1375
783.849	1361
784.365	1369
784.881	1383
785.397	1357
785.913	1339
786.429	1367
786.945	1373
787.46	1365
787.976	1353
788.492	1368
789.008	1355
789.523	1353
790.039	1350
790.555	1358
791.07	1377
791.586	1333
792.102	1362
792.617	1357
793.133	1345
793.648	1345
794.164	1358
794.679	1350
795.195	1356
795.71	1353
796.226	1345
796.741	1356
797.256	1320
797.772	1355
798.287	1340
798.802	1357
799.318	1354
799.833	1360
800.348	1322
800.864	1356
801.379	1368
801.894	1362
802.409	1360
802.924	1383
803.44	1355
803.955	1371
804.47	1343
804.985	1337
805.5	1365
806.015	1355
806.53	1368
807.045	1354
807.56	1351
808.075	1362
808.59	1338
809.105	1345
809.619	1344
810.134	1328
810.649	1327
811.164	1344
811.679	1339
812.194	1331
812.708	1332
813.223	1316
813.738	1320
814.252	1346
814.767	1328
815.282	1349
815.796	1333
816.311	1333
816.826	1340
817.34	1332
817.855	1317
818.369	1342
818.884	1334
819.398	1309
819.913	1327
820.427	1319
820.941	1336
821.456	1316
821.97	1320
822.484	1300
822.999	1284
823.513	1287
824.027	1307
824.542	1296
825.056	1301
825.57	1289
826.084	1286
826.598	1303
827.113	1289
827.627	1299
828.141	1278
828.655	1260
829.169	1250
829.683	1242
830.197	1249
830.711	1234
831.225	1268
831.739	1261
832.253	1236
832.767	1234
833.281	1229
833.795	1229
834.308	1227
834.822	1231
835.336	1230
835.85	1204
836.364	1233
836.877	1203
837.391	1230
837.905	1225
838.418	1210
838.932	1213
839.446	1219
839.959	1217
840.473	1223
840.986	1213
841.5	1227
842.013	1220
842.527	1224
843.04	1225
843.554	1209
844.067	1217
844.581	1198
845.094	1199
845.607	1203
846.121	1210
846.634	1198
847.147	1204
847.661	1196
848.174	1196
848.687	1199
849.2	1193
849.714	1182
850.227	1188
850.74	1189
851.253	1182
851.766	1183
852.279	1181
852.792	1192
853.305	1190
853.818	1194
854.331	1189
854.844	1193
855.357	1184
855.87	1190
856.383	1179
856.896	1179
857.409	1206
857.921	1210
858.434	1195
858.947	1187
859.46	1193
859.973	1184
860.485	1175
860.998	1195
861.511	1168
862.023	1189
862.536	1177
863.049	1196
863.561	1202
864.074	1186
864.586	1177
865.099	1192
865.611	1189
866.124	1174
866.636	1178
867.149	1174
867.661	1188
868.173	1190
868.686	1195
869.198	1200
869.71	1185
870.223	1205
870.735	1183
871.247	1199
871.759	1212
872.272	1173
872.784	1215
873.296	1196
873.808	1196
874.32	1168
874.832	1188
875.344	1188
875.856	1194
876.368	1188
876.88	1191
877.392	1194
877.904	1202
878.416	1197
878.928	1190
879.44	1200
879.952	1200
880.464	1184
880.976	1189
881.487	1196
881.999	1207
882.511	1188
883.023	1224
883.534	1192
884.046	1177
884.558	1204
885.069	1193
885.581	1196
886.093	1195
886.604	1190
887.116	1192
887.627	1183
888.139	1182
888.65	1192
889.162	1185
889.673	1200
890.185	1185
890.696	1201
891.207	1212
891.719	1221
892.23	1201
892.741	1209
893.253	1215
893.764	1207
894.275	1221
894.786	1221
895.297	1209
895.809	1209
896.32	1212
896.831	1224
897.342	1226
897.853	1205
898.364	1214
898.875	1224
899.386	1211
899.897	1212
900.408	1217
900.919	1222
901.43	1231
901.941	1217
902.451	1216
902.962	1206
903.473	1225
903.984	1210
904.495	1195
905.005	1226
905.516	1224
906.027	1201
906.538	1197
907.048	1197
907.559	1199
908.069	1188
908.58	1169
909.091	1129
909.601	1105
910.112	1063
910.622	1057
911.133	1034
911.643	1022
912.154	1019
912.664	1008
913.174	1006
913.685	1006
914.195	1005
914.705	1003
915.216	1001
915.726	1002
916.236	999
916.746	1004
917.256	1004
917.767	1001
918.277	999
918.787	999
919.297	1002
919.807	1002
920.317	1000
920.827	1001
921.337	999
921.847	999
922.357	1001
922.867	997
923.377	1004
923.887	1001
924.397	1002
924.906	1002
925.416	1000
925.926	1001
926.436	997
926.946	1002
927.455	1001
927.965	1001
928.475	1002
928.984	1000
929.494	1001
930.004	1001
930.513	1001
931.023	1001
931.532	1002
932.042	1002
932.551	1002
933.061	1004
933.57	1001
934.08	1000
934.589	1003
935.098	998
935.608	1002
936.117	1003
936.626	1001
937.136	999
937.645	1000
938.154	1001
938.663	1003
939.173	1001
939.682	999
940.191	1001
940.7	1001
941.209	1002
941.718	1000
942.227	1000
942.736	1001
943.245	1002
943.754	999
944.263	1002
944.772	1004
945.281	999
945.79	1002
946.299	1000
946.807	1001
947.316	1000
947.825	1001
948.334	1002
948.843	1000
949.351	1004
949.86	1003
950.369	1003
950.877	1000
951.386	1004
951.894	1006
952.403	1002
952.911	1005
953.42	1005
953.929	1011
954.437	1006
954.945	1003
955.454	1002
955.962	1002
956.471	1003
956.979	1004
957.487	999
957.996	1001
958.504	1002
959.012	999
959.52	1003
960.029	1000
960.537	1004
961.045	1002
961.553	1004
962.061	1002
962.569	1006
963.077	1003
963.585	1005
