432.895	1005
433.423	1005
433.95	1002
434.478	1004
435.006	1011
435.534	1007
436.062	1006
436.589	1002
437.117	1006
437.645	1002
438.172	1001
438.7	1004
439.228	1004
439.756	1010
440.283	1005
440.811	1004
441.338	1003
441.866	1006
442.394	1004
442.921	1008
443.449	1006
443.976	1007
444.504	1004
445.031	1004
445.559	1007
446.086	1003
446.614	1007
447.141	1001
447.669	1002
448.196	1006
448.724	1003
449.251	1005
449.778	1004
450.306	1009
450.833	1006
451.361	1009
451.888	1003
452.415	1000
452.943	1008
453.47	1005
453.997	1007
454.524	1008
455.052	1004
455.579	1007
456.106	1004
456.633	1004
457.16	1005
457.688	1011
458.215	1004
458.742	1006
459.269	1003
459.796	1009
460.323	1006
460.85	1004
461.377	1005
461.904	1006
462.431	1005
462.958	1002
463.485	1003
464.012	1003
464.539	1002
465.066	1004
465.593	1004
466.12	1005
466.647	1004
467.174	1008
467.701	1003
468.228	1009
468.755	1009
469.282	1008
469.808	1010
470.335	1003
470.862	1002
471.389	1006
471.915	1002
472.442	1005
472.969	1006
473.496	1009
474.022	1006
474.549	1006
475.076	1007
475.602	1007
476.129	1005
476.656	1007
477.182	1007
477.709	1011
478.235	1009
478.762	1007
479.289	1006
479.815	1005
480.342	1007
480.868	1008
481.395	1006
481.921	1009
482.448	1006
482.974	1011
483.5	1005
484.027	1007
484.553	1010
485.08	1009
485.606	1006
486.132	1009
486.659	1009
487.185	1009
487.711	1008
488.238	1008
488.764	1006
489.29	1010
489.816	1010
490.343	1003
490.869	1007
491.395	1007
491.921	1009
492.447	1007
492.973	1009
493.5	1009
494.026	1010
494.552	1009
495.078	1003
495.604	1009
496.13	1008
496.656	1009
497.182	1010
497.708	1006
498.234	1013
498.76	1016
499.286	1026
499.812	1079
500.338	1170
500.864	1233
501.39	1254
501.916	1269
502.441	1277
502.967	1272
503.493	1273
504.019	1278
504.545	1285
505.071	1291
505.596	1298
506.122	1295
506.648	1295
507.174	1326
507.699	1295
508.225	1299
508.751	1324
509.276	1330
509.802	1311
510.328	1332
510.853	1323
511.379	1349
511.904	1329
512.43	1344
512.955	1332
513.481	1332
514.006	1363
514.532	1363
515.057	1409
515.583	1376
516.108	1409
516.634	1402
517.159	1405
517.685	1449
518.21	1461
518.735	1453
519.261	1473
519.786	1486
520.311	1512
520.837	1543
521.362	1548
521.887	1638
522.413	1617
522.938	1668
523.463	1713
523.988	1761
524.513	1803
525.039	1869
525.564	1924
526.089	2000
526.614	2057
527.139	2142
527.664	2222
528.189	2295
528.714	2370
529.24	2392
529.765	2514
530.29	2524
530.815	2520
531.34	2578
531.865	2650
532.389	2704
532.914	2782
533.439	2857
533.964	3020
534.489	3105
535.014	3252
535.539	3448
536.064	3510
536.588	3552
537.113	3603
537.638	3639
538.163	3695
538.688	3671
539.212	3707
539.737	3801
540.262	3799
540.786	3797
541.311	3845
541.836	3842
542.36	3956
542.885	4042
543.41	4042
543.934	4104
544.459	4121
544.983	4193
545.508	4169
546.032	4261
546.557	4252
547.081	4310
547.606	4339
548.13	4369
548.655	4468
549.179	4595
549.704	4519
550.228	4609
550.752	4670
551.277	4725
551.801	4840
552.325	4890
552.85	4958
553.374	5018
553.898	5086
554.423	5185
554.947	5287
555.471	5458
555.995	5574
556.519	5646
557.044	5730
557.568	5892
558.092	6119
558.616	6296
559.14	6365
559.664	6522
560.188	6820
560.712	6997
561.236	7199
561.76	7376
562.284	7554
562.808	7722
563.332	8178
563.856	8358
564.38	8694
564.904	8932
565.428	9281
565.952	9500
566.476	9726
567	9952
567.523	10356
568.047	10580
568.571	10846
569.095	11118
569.619	11541
570.142	11777
570.666	11750
571.19	12125
571.714	12446
572.237	12546
572.761	12552
573.285	12586
573.808	12827
574.332	12959
574.855	12798
575.379	12970
575.903	12964
576.426	12974
576.95	12813
577.473	12760
577.997	12664
578.52	12664
579.044	12500
579.567	12503
580.09	12400
580.614	12301
581.137	12240
581.661	12053
582.184	11970
582.707	11781
583.231	11552
583.754	11457
584.277	11109
584.8	10947
585.324	10779
585.847	10503
586.37	10315
586.893	10260
587.417	10119
587.94	10186
588.463	10363
588.986	10453
589.509	10667
590.032	10702
590.555	10766
591.078	10702
591.601	10652
592.124	10466
592.647	10567
593.17	10570
593.693	10657
594.216	10572
594.739	10746
595.262	10760
595.785	10831
596.308	10854
596.831	10795
597.354	10903
597.877	10770
598.399	11029
598.922	10989
599.445	11114
599.968	11152
600.49	11258
601.013	11232
601.536	11576
602.059	11607
602.581	11593
603.104	11891
603.627	12038
604.149	12154
604.672	12376
605.194	12505
605.717	12622
606.24	12834
606.762	13074
607.285	13140
607.807	13384
608.33	13611
608.852	13837
609.374	13990
609.897	14185
610.419	14462
610.942	14786
611.464	15114
611.986	15191
612.509	15411
613.031	15564
613.553	15660
614.076	15855
614.598	16032
615.12	15929
615.642	16170
616.165	16225
616.687	16339
617.209	16478
617.731	16547
618.253	16676
618.775	16793
619.297	16769
619.82	16727
620.342	16732
620.864	16700
621.386	16650
621.908	16429
622.43	16419
622.952	16064
623.474	15946
623.996	15795
624.518	15522
625.039	15418
625.561	15195
626.083	15005
626.605	14827
627.127	14574
627.649	14432
628.171	14222
628.692	13948
629.214	13764
629.736	13446
630.258	13406
630.779	13094
631.301	12786
631.823	12709
632.344	12553
632.866	12352
633.388	12164
633.909	12069
634.431	11886
634.952	11853
635.474	11863
635.995	11596
636.517	11662
637.038	11391
637.56	11452
638.081	11305
638.603	11213
639.124	11254
639.646	11220
640.167	11185
640.688	11094
641.21	11091
641.731	11045
642.252	10957
642.773	10996
643.295	11007
643.816	10833
644.337	10870
644.859	10848
645.38	10956
645.901	10930
646.422	10707
646.943	10957
647.464	10945
647.985	11007
648.506	11039
649.028	11038
649.549	11083
650.07	11224
650.591	11200
651.112	11214
651.633	11295
652.154	11324
652.674	11309
653.195	11356
653.716	11440
654.237	11513
654.758	11535
655.279	11712
655.8	11812
656.321	11739
656.841	11922
657.362	11915
657.883	12131
658.404	12337
658.924	12405
659.445	12611
659.966	12813
660.486	12929
661.007	13002
661.528	13131
662.048	13332
662.569	13436
663.089	13590
663.61	13501
664.13	13727
664.651	13779
665.171	13937
665.692	14074
666.212	14305
666.733	14384
667.253	14521
667.774	14548
668.294	14840
668.814	14891
669.335	15047
669.855	15106
670.375	15270
670.896	15517
671.416	15419
671.936	15344
672.456	15540
672.977	15357
673.497	15274
674.017	15122
674.537	15123
675.057	15048
675.577	15024
676.097	14850
676.617	14663
677.137	14572
677.657	14636
678.177	14367
678.698	14130
679.217	14224
679.737	13869
680.257	13778
680.777	13634
681.297	13394
681.817	13383
682.337	13135
682.857	12896
683.377	12720
683.896	12443
684.416	12356
684.936	12106
685.456	11901
685.975	11808
686.495	11653
687.015	11595
687.535	11602
688.054	11343
688.574	11303
689.093	11235
689.613	11056
690.133	11001
690.652	10997
691.172	10912
691.691	10725
692.211	10765
692.73	10681
693.25	10572
693.769	10416
694.289	10327
694.808	10264
695.327	10135
695.847	9984
696.366	9965
696.885	9925
697.405	9830
697.924	9727
698.443	9646
698.962	9530
699.482	9614
700.001	9554
700.52	9622
701.039	9612
701.558	9612
702.078	9613
702.597	9617
703.116	9612
703.635	9550
704.154	9511
704.673	9601
705.192	9487
705.711	9420
706.23	9502
706.749	9469
707.268	9327
707.787	9333
708.306	9470
708.824	9405
709.343	9522
709.862	9514
710.381	9445
710.9	9502
711.419	9505
711.937	9497
712.456	9522
712.975	9639
713.493	9658
714.012	9644
714.531	9698
715.049	9760
715.568	9842
716.087	9929
716.605	10013
717.124	9949
717.642	10001
718.161	10072
718.679	10144
719.198	10167
719.716	10184
720.235	10180
720.753	10229
721.272	10305
721.79	10322
722.308	10348
722.827	10454
723.345	10444
723.863	10560
724.382	10629
724.9	10630
725.418	10723
725.936	10818
726.455	10937
726.973	10956
727.491	11069
728.009	11070
728.527	11107
729.045	11203
729.563	11205
730.081	11290
730.599	11409
731.117	11428
731.635	11492
732.153	11624
732.671	11618
733.189	11491
733.707	11553
734.225	11557
734.743	11576
735.261	11566
735.779	11668
736.297	11726
736.814	11680
737.332	11709
737.85	11639
738.368	11657
738.885	11656
739.403	11476
739.921	11487
740.439	11510
740.956	11402
741.474	11332
741.991	11347
742.509	11059
743.027	11089
743.544	10910
744.062	10910
744.579	10760
745.097	10617
745.614	10537
746.131	10236
746.649	10178
747.166	10059
747.684	9899
748.201	9787
748.718	9580
749.236	9432
749.753	9356
750.27	9183
750.788	9008
751.305	8981
751.822	8984
752.339	9038
752.856	8923
753.374	8722
753.891	8658
754.408	8458
754.925	8396
755.442	8268
755.959	8284
756.476	8124
756.993	7991
757.51	7887
758.027	7793
758.544	7720
759.061	7607
759.578	7543
760.095	7468
760.612	7484
761.128	7346
761.645	7327
762.162	7214
762.679	7161
763.196	7194
763.712	7062
764.229	7045
764.746	7050
765.263	6869
765.779	6881
766.296	6866
766.812	6736
767.329	6789
767.846	6729
768.362	6677
768.879	6668
769.395	6564
769.912	6481
770.428	6439
770.945	6420
771.461	6395
771.978	6375
772.494	6265
773.01	6258
773.527	6153
774.043	6174
774.559	6144
775.076	6063
775.592	6072
776.108	6118
776.624	6095
777.141	6076
777.657	6026
778.173	5953
778.689	5963
779.205	5946
779.721	5888
780.237	5913
780.753	5828
781.27	5828
781.786	5806
782.302	5875
782.818	5764
783.333	5838
783.849	5707
784.365	5740
784.881	5714
785.397	5718
785.913	5742
786.429	5771
786.945	5734
787.46	5738
787.976	5631
788.492	5640
789.008	5665
789.523	5679
790.039	5647
790.555	5685
791.07	5562
791.586	5635
792.102	5596
792.617	5581
793.133	5499
793.648	5515
794.164	5559
794.679	5549
795.195	5527
795.71	5454
796.226	5474
796.741	5538
797.256	5407
797.772	5481
798.287	5524
798.802	5500
799.318	5467
799.833	5536
800.348	5593
800.864	5569
801.379	5635
801.894	5638
802.409	5499
802.924	5572
803.44	5594
803.955	5582
804.47	5596
804.985	5601
805.5	5655
806.015	5598
806.53	5581
807.045	5616
807.56	5571
808.075	5520
808.59	5463
809.105	5579
809.619	5501
810.134	5526
810.649	5487
811.164	5521
811.679	5505
812.194	5512
812.708	5557
813.223	5531
813.738	5473
814.252	5349
814.767	5430
815.282	5404
815.796	5361
816.311	5410
816.826	5410
817.34	5332
817.855	5335
818.369	5362
818.884	5286
819.398	5209
819.913	5238
820.427	5153
820.941	5140
821.456	5034
821.97	5136
822.484	4995
822.999	4966
823.513	5003
824.027	4958
824.542	4921
825.056	4784
825.57	4848
826.084	4833
826.598	4717
827.113	4678
827.627	4616
828.141	4576
828.655	4520
829.169	4505
829.683	4461
830.197	4362
830.711	4305
831.225	4367
831.739	4334
832.253	4242
832.767	4178
833.281	4183
833.795	4110
834.308	4061
834.822	4071
835.336	4138
835.85	4052
836.364	4105
836.877	4012
837.391	4033
837.905	3915
838.418	3966
838.932	3956
839.446	3945
839.959	3860
840.473	3913
840.986	3870
841.5	3836
842.013	3825
842.527	3812
843.04	3748
843.554	3855
844.067	3799
844.581	3813
845.094	3782
845.607	3759
846.121	3804
846.634	3767
847.147	3741
847.661	3719
848.174	3634
848.687	3568
849.2	3519
849.714	3501
850.227	3501
850.74	3472
851.253	3540
851.766	3569
852.279	3593
852.792	3607
853.305	3612
853.818	3612
854.331	3522
854.844	3545
855.357	3552
855.87	3554
856.383	3604
856.896	3582
857.409	3521
857.921	3579
858.434	3563
858.947	3519
859.46	3608
859.973	3527
860.485	3542
860.998	3570
861.511	3583
862.023	3565
862.536	3523
863.049	3584
863.561	3541
864.074	3539
864.586	3558
865.099	3481
865.611	3528
866.124	3476
866.636	3413
867.149	3423
867.661	3388
868.173	3479
868.686	3423
869.198	3454
869.71	3553
870.223	3545
870.735	3639
871.247	3564
871.759	3615
872.272	3649
872.784	3597
873.296	3609
873.808	3580
874.32	3655
874.832	3567
875.344	3616
875.856	3523
876.368	3663
876.88	3568
877.392	3538
877.904	3574
878.416	3523
878.928	3612
879.44	3556
879.952	3625
880.464	3676
880.976	3606
881.487	3664
881.999	3637
882.511	3707
883.023	3737
883.534	3688
884.046	3650
884.558	3677
885.069	3676
885.581	3691
886.093	3692
886.604	3731
887.116	3734
887.627	3726
888.139	3611
888.65	3561
889.162	3604
889.673	3612
890.185	3654
890.696	3777
891.207	3751
891.719	3804
892.23	3807
892.741	3835
893.253	3813
893.764	3904
894.275	3877
894.786	3821
895.297	3850
895.809	3873
896.32	3877
896.831	3848
897.342	3897
897.853	3869
898.364	3900
898.875	3955
899.386	3911
899.897	3878
900.408	3939
900.919	3918
901.43	3903
901.941	3849
902.451	3881
902.962	3855
903.473	3846
903.984	3813
904.495	3792
905.005	3827
905.516	3769
906.027	3785
906.538	3720
907.048	3684
907.559	3566
908.069	3466
908.58	3213
909.091	2840
909.601	2453
910.112	2025
910.622	1716
911.133	1496
911.643	1317
912.154	1223
912.664	1140
913.174	1128
913.685	1104
914.195	1073
914.705	1056
915.216	1053
915.726	1043
916.236	1037
916.746	1033
917.256	1033
917.767	1026
918.277	1021
918.787	1019
919.297	1020
919.807	1018
920.317	1018
920.827	1016
921.337	1008
921.847	1016
922.357	1019
922.867	1013
923.377	1018
923.887	1016
924.397	1012
924.906	1014
925.416	1021
925.926	1019
926.436	1016
926.946	1013
927.455	1013
927.965	1014
928.475	1017
928.984	1017
929.494	1015
930.004	1017
930.513	1016
931.023	1017
931.532	1018
932.042	1009
932.551	1011
933.061	1009
933.57	1012
934.08	1013
934.589	1012
935.098	1013
935.608	1009
936.117	1014
936.626	1018
937.136	1008
937.645	1014
938.154	1011
938.663	1009
939.173	1011
939.682	1011
940.191	1005
940.7	1006
941.209	1007
941.718	1006
942.227	1006
942.736	1006
943.245	1007
943.754	1006
944.263	1006
944.772	1007
945.281	1009
945.79	1009
946.299	1003
946.807	1008
947.316	1011
947.825	1008
948.334	1004
948.843	1004
949.351	1007
949.86	1007
950.369	1011
950.877	1006
951.386	1004
951.894	1012
952.403	1016
952.911	1003
953.42	1011
953.929	1010
954.437	1005
954.945	1011
955.454	1006
955.962	1006
956.471	1012
956.979	1008
957.487	1009
957.996	1006
958.504	1009
959.012	1009
959.52	1006
960.029	1006
960.537	1006
961.045	1007
961.553	1011
962.061	1004
962.569	1009
963.077	1011
963.585	1008
