432.895	1000
433.423	998
433.95	1002
434.478	1002
435.006	998
435.534	1005
436.062	1002
436.589	997
437.117	1002
437.645	1003
438.172	1001
438.7	998
439.228	1002
439.756	1003
440.283	999
440.811	1003
441.338	999
441.866	1002
442.394	1000
442.921	1001
443.449	1000
443.976	1002
444.504	1000
445.031	996
445.559	1004
446.086	1000
446.614	1000
447.141	1004
447.669	1001
448.196	1004
448.724	1002
449.251	999
449.778	1000
450.306	1004
450.833	1003
451.361	1002
451.888	1003
452.415	1001
452.943	1001
453.47	1000
453.997	1003
454.524	1005
455.052	1002
455.579	1003
456.106	1001
456.633	1003
457.16	1002
457.688	1001
458.215	1004
458.742	1005
459.269	1003
459.796	1003
460.323	1002
460.85	1003
461.377	1001
461.904	1003
462.431	1002
462.958	999
463.485	1001
464.012	1001
464.539	1000
465.066	1000
465.593	1000
466.12	1003
466.647	1002
467.174	1001
467.701	1002
468.228	1001
468.755	999
469.282	1002
469.808	1005
470.335	1002
470.862	999
471.389	999
471.915	1001
472.442	1001
472.969	1004
473.496	1002
474.022	1002
474.549	1002
475.076	1002
475.602	1002
476.129	1002
476.656	1001
477.182	999
477.709	1000
478.235	1004
478.762	1000
479.289	1006
479.815	1003
480.342	1004
480.868	1003
481.395	1000
481.921	1002
482.448	1006
482.974	1004
483.5	1001
484.027	1002
484.553	1004
485.08	1000
485.606	1002
486.132	1002
486.659	1001
487.185	1004
487.711	1001
488.238	1002
488.764	1005
489.29	1001
489.816	1004
490.343	1003
490.869	1002
491.395	1003
491.921	1003
492.447	1007
492.973	1007
493.5	1005
494.026	1006
494.552	1008
495.078	1003
495.604	1002
496.13	1005
496.656	1004
497.182	1010
497.708	1007
498.234	1014
498.76	1012
499.286	1017
499.812	1041
500.338	1081
500.864	1157
501.39	1214
501.916	1272
502.441	1277
502.967	1287
503.493	1298
504.019	1325
504.545	1319
505.071	1314
505.596	1348
506.122	1360
506.648	1350
507.174	1382
507.699	1358
508.225	1386
508.751	1414
509.276	1398
509.802	1440
510.328	1443
510.853	1455
511.379	1465
511.904	1466
512.43	1490
512.955	1498
513.481	1534
514.006	1522
514.532	1558
515.057	1576
515.583	1601
516.108	1583
516.634	1643
517.159	1626
517.685	1630
518.21	1652
518.735	1686
519.261	1717
519.786	1712
520.311	1786
520.837	1790
521.362	1822
521.887	1836
522.413	1891
522.938	1877
523.463	1907
523.988	1897
524.513	1945
525.039	1932
525.564	1988
526.089	2009
526.614	2026
527.139	2074
527.664	2123
528.189	2153
528.714	2157
529.24	2195
529.765	2202
530.29	2189
530.815	2130
531.34	2148
531.865	2190
532.389	2156
532.914	2174
533.439	2189
533.964	2290
534.489	2336
535.014	2435
535.539	2445
536.064	2522
536.588	2663
537.113	2708
537.638	2762
538.163	2870
538.688	2894
539.212	2912
539.737	3000
540.262	3002
540.786	3056
541.311	3100
541.836	3181
542.36	3203
542.885	3309
543.41	3392
543.934	3489
544.459	3573
544.983	3651
545.508	3713
546.032	3808
546.557	3827
547.081	3910
547.606	3995
548.13	4032
548.655	4149
549.179	4285
549.704	4283
550.228	4349
550.752	4502
551.277	4558
551.801	4709
552.325	4831
552.85	4873
553.374	4976
553.898	5001
554.423	5076
554.947	5228
555.471	5365
555.995	5473
556.519	5618
557.044	5661
557.568	5735
558.092	5803
558.616	5969
559.14	5984
559.664	6133
560.188	6095
560.712	6312
561.236	6307
561.76	6499
562.284	6579
562.808	6714
563.332	6763
563.856	6857
564.38	7151
564.904	7190
565.428	7228
565.952	7344
566.476	7510
567	7533
567.523	7696
568.047	7728
568.571	7810
569.095	7833
569.619	8109
570.142	8186
570.666	8236
571.19	8464
571.714	8463
572.237	8655
572.761	8825
573.285	8850
573.808	8908
574.332	8985
574.855	9133
575.379	9072
575.903	9162
576.426	9347
576.95	9462
577.473	9629
577.997	9645
578.52	9792
579.044	9974
579.567	10104
580.09	10248
580.614	10299
581.137	10439
581.661	10520
582.184	10723
582.707	10814
583.231	10776
583.754	10787
584.277	10900
584.8	10946
585.324	11043
585.847	11215
586.37	11276
586.893	11385
587.417	11548
587.94	11760
588.463	11813
588.986	11837
589.509	12082
590.032	12229
590.555	12276
591.078	12258
591.601	12329
592.124	12396
592.647	12377
593.17	12391
593.693	12687
594.216	12695
594.739	12966
595.262	12959
595.785	13126
596.308	13264
596.831	13419
597.354	13371
597.877	13621
598.399	13540
598.922	13609
599.445	13558
599.968	13575
600.49	13524
601.013	13740
601.536	13611
602.059	13685
602.581	13678
603.104	13897
603.627	13985
604.149	14060
604.672	14066
605.194	14216
605.717	14276
606.24	14229
606.762	14354
607.285	14456
607.807	14353
608.33	14361
608.852	14381
609.374	14536
609.897	14418
610.419	14512
610.942	14742
611.464	14687
611.986	14767
612.509	14794
613.031	14834
613.553	14757
614.076	14737
614.598	14717
615.12	14830
615.642	14900
616.165	14985
616.687	14931
617.209	14920
617.731	15072
618.253	15137
618.775	15307
619.297	15444
619.82	15106
620.342	15340
620.864	15598
621.386	15537
621.908	15585
622.43	15663
622.952	15662
623.474	15708
623.996	15773
624.518	15714
625.039	15789
625.561	15817
626.083	15931
626.605	15997
627.127	16030
627.649	16044
628.171	16044
628.692	16174
629.214	16199
629.736	16218
630.258	16201
630.779	16207
631.301	16269
631.823	16384
632.344	16313
632.866	16396
633.388	16265
633.909	16390
634.431	16395
634.952	16555
635.474	16525
635.995	16648
636.517	16442
637.038	16715
637.56	16658
638.081	16824
638.603	16755
639.124	16916
639.646	16899
640.167	17041
640.688	16938
641.21	17051
641.731	17094
642.252	16981
642.773	17101
643.295	17174
643.816	17368
644.337	17219
644.859	17417
645.38	17296
645.901	17350
646.422	17379
646.943	17299
647.464	17638
647.985	17463
648.506	17312
649.028	17420
649.549	17461
650.07	17463
650.591	17459
651.112	17603
651.633	17603
652.154	17718
652.674	17589
653.195	17633
653.716	17614
654.237	17625
654.758	17702
655.279	17440
655.8	17504
656.321	17272
656.841	17394
657.362	17425
657.883	17424
658.404	17587
658.924	17518
659.445	17686
659.966	17601
660.486	17692
661.007	17711
661.528	17711
662.048	17478
662.569	17614
663.089	17602
663.61	17493
664.13	17431
664.651	17292
665.171	17345
665.692	17271
666.212	17252
666.733	17174
667.253	17067
667.774	17100
668.294	17197
668.814	17334
669.335	17402
669.855	17282
670.375	17559
670.896	17443
671.416	17301
671.936	17395
672.456	17443
672.977	17251
673.497	17357
674.017	17179
674.537	17049
675.057	17026
675.577	16967
676.097	17030
676.617	17027
677.137	16997
677.657	16888
678.177	16816
678.698	16856
679.217	17002
679.737	16985
680.257	16921
680.777	16869
681.297	16944
681.817	16884
682.337	16876
682.857	16919
683.377	16929
683.896	16846
684.416	16792
684.936	16732
685.456	16674
685.975	16734
686.495	16742
687.015	16727
687.535	16789
688.054	16703
688.574	16805
689.093	16765
689.613	16826
690.133	16994
690.652	16872
691.172	16725
691.691	17026
692.211	17066
692.73	17090
693.25	17065
693.769	17022
694.289	16940
694.808	17026
695.327	16972
695.847	16976
696.366	16868
696.885	16974
697.405	16988
697.924	16833
698.443	16739
698.962	16672
699.482	16830
700.001	16858
700.52	16871
701.039	16745
701.558	16717
702.078	16667
702.597	16750
703.116	16950
703.635	16614
704.154	16661
704.673	16560
705.192	16730
705.711	16746
706.23	16843
706.749	16821
707.268	16613
707.787	16880
708.306	16879
708.824	16688
709.343	16589
709.862	16753
710.381	16539
710.9	16598
711.419	16711
711.937	16454
712.456	16560
712.975	16504
713.493	16582
714.012	16456
714.531	16379
715.049	16537
715.568	16629
716.087	16753
716.605	16707
717.124	16667
717.642	16536
718.161	16832
718.679	16689
719.198	16570
719.716	16576
720.235	16458
720.753	16547
721.272	16499
721.79	16393
722.308	16263
722.827	16279
723.345	16257
723.863	16254
724.382	16255
724.9	16105
725.418	16075
725.936	16177
726.455	16122
726.973	16118
727.491	16092
728.009	16000
728.527	15980
729.045	15797
729.563	15831
730.081	15872
730.599	15837
731.117	15748
731.635	15578
732.153	15749
732.671	15561
733.189	15513
733.707	15315
734.225	15400
734.743	15339
735.261	15438
735.779	15292
736.297	15285
736.814	15427
737.332	15236
737.85	15277
738.368	15322
738.885	15333
739.403	15246
739.921	15253
740.439	15132
740.956	15151
741.474	15192
741.991	15213
742.509	15078
743.027	15075
743.544	14813
744.062	14749
744.579	14876
745.097	14779
745.614	14840
746.131	14811
746.649	14700
747.166	14793
747.684	14573
748.201	14534
748.718	14583
749.236	14463
749.753	14429
750.27	14400
750.788	14437
751.305	14210
751.822	14387
752.339	14367
752.856	14233
753.374	14283
753.891	14075
754.408	14111
754.925	13996
755.442	14104
755.959	13870
756.476	13837
756.993	13886
757.51	13654
758.027	13506
758.544	13669
759.061	13548
759.578	13500
760.095	13513
760.612	13553
761.128	13363
761.645	13377
762.162	13329
762.679	13408
763.196	13444
763.712	13245
764.229	13242
764.746	13286
765.263	13263
765.779	13192
766.296	13182
766.812	13183
767.329	12975
767.846	13093
768.362	13076
768.879	13016
769.395	12998
769.912	12959
770.428	12808
770.945	12748
771.461	12690
771.978	12735
772.494	12703
773.01	12537
773.527	12473
774.043	12431
774.559	12434
775.076	12263
775.592	12260
776.108	12262
776.624	12201
777.141	12115
777.657	11951
778.173	11955
778.689	11962
779.205	11913
779.721	11805
780.237	11790
780.753	11634
781.27	11618
781.786	11475
782.302	11523
782.818	11424
783.333	11445
783.849	11395
784.365	11209
784.881	11198
785.397	11353
785.913	11075
786.429	11103
786.945	11091
787.46	10968
787.976	11040
788.492	11042
789.008	10771
789.523	10952
790.039	10735
790.555	10855
791.07	10717
791.586	10664
792.102	10546
792.617	10539
793.133	10455
793.648	10394
794.164	10292
794.679	10405
795.195	10311
795.71	10245
796.226	10204
796.741	10097
797.256	10038
797.772	10053
798.287	9995
798.802	9815
799.318	9940
799.833	9919
800.348	9773
800.864	9839
801.379	9851
801.894	9825
802.409	9782
802.924	9713
803.44	9639
803.955	9581
804.47	9736
804.985	9537
805.5	9570
806.015	9579
806.53	9539
807.045	9498
807.56	9339
808.075	9370
808.59	9279
809.105	9169
809.619	9164
810.134	9027
810.649	9088
811.164	8930
811.679	8968
812.194	8838
812.708	8896
813.223	8823
813.738	8778
814.252	8752
814.767	8730
815.282	8634
815.796	8616
816.311	8695
816.826	8714
817.34	8667
817.855	8605
818.369	8594
818.884	8617
819.398	8667
819.913	8563
820.427	8607
820.941	8611
821.456	8436
821.97	8527
822.484	8463
822.999	8497
823.513	8333
824.027	8391
824.542	8270
825.056	8276
825.57	8172
826.084	8346
826.598	8220
827.113	8083
827.627	8163
828.141	8108
828.655	8108
829.169	8115
829.683	8127
830.197	8102
830.711	8052
831.225	8083
831.739	8075
832.253	8123
832.767	8005
833.281	8140
833.795	8056
834.308	8089
834.822	8060
835.336	7941
835.85	7975
836.364	7876
836.877	7885
837.391	7821
837.905	7820
838.418	7706
838.932	7825
839.446	7791
839.959	7741
840.473	7638
840.986	7690
841.5	7576
842.013	7620
842.527	7650
843.04	7622
843.554	7766
844.067	7617
844.581	7656
845.094	7657
845.607	7706
846.121	7721
846.634	7701
847.147	7634
847.661	7673
848.174	7625
848.687	7534
849.2	7521
849.714	7595
850.227	7678
850.74	7577
851.253	7514
851.766	7520
852.279	7456
852.792	7416
853.305	7473
853.818	7449
854.331	7459
854.844	7426
855.357	7457
855.87	7446
856.383	7479
856.896	7380
857.409	7336
857.921	7377
858.434	7443
858.947	7332
859.46	7351
859.973	7398
860.485	7394
860.998	7315
861.511	7378
862.023	7371
862.536	7353
863.049	7377
863.561	7216
864.074	7291
864.586	7254
865.099	7269
865.611	7237
866.124	7192
866.636	7099
867.149	7155
867.661	7113
868.173	7087
868.686	7065
869.198	7020
869.71	7055
870.223	7148
870.735	7108
871.247	6977
871.759	7105
872.272	7019
872.784	6972
873.296	6960
873.808	7003
874.32	6979
874.832	7040
875.344	6908
875.856	6938
876.368	6911
876.88	6900
877.392	6890
877.904	6899
878.416	6921
878.928	6964
879.44	6786
879.952	6776
880.464	6868
880.976	6781
881.487	6798
881.999	6767
882.511	6715
883.023	6606
883.534	6647
884.046	6691
884.558	6686
885.069	6635
885.581	6547
886.093	6565
886.604	6639
887.116	6606
887.627	6512
888.139	6470
888.65	6578
889.162	6427
889.673	6460
890.185	6549
890.696	6536
891.207	6484
891.719	6401
892.23	6393
892.741	6400
893.253	6361
893.764	6332
894.275	6281
894.786	6253
895.297	6322
895.809	6176
896.32	6237
896.831	6224
897.342	6144
897.853	6122
898.364	6141
898.875	6173
899.386	6095
899.897	6096
900.408	6066
900.919	6096
901.43	6161
901.941	6033
902.451	6027
902.962	5920
903.473	5953
903.984	6008
904.495	5868
905.005	5888
905.516	5792
906.027	5755
906.538	5722
907.048	5655
907.559	5464
908.069	5396
908.58	5163
909.091	4718
909.601	4063
910.112	3373
910.622	2602
911.133	2065
911.643	1640
912.154	1367
912.664	1223
913.174	1154
913.685	1101
914.195	1076
914.705	1050
915.216	1039
915.726	1036
916.236	1030
916.746	1028
917.256	1024
917.767	1026
918.277	1020
918.787	1023
919.297	1013
919.807	1020
920.317	1016
920.827	1027
921.337	1015
921.847	1017
922.357	1015
922.867	1016
923.377	1013
923.887	1013
924.397	1014
924.906	1015
925.416	1021
925.926	1018
926.436	1011
926.946	1012
927.455	1014
927.965	1015
928.475	1012
928.984	1017
929.494	1015
930.004	1011
930.513	1013
931.023	1019
931.532	1012
932.042	1011
932.551	1014
933.061	1012
933.57	1013
934.08	1009
934.589	1017
935.098	1004
935.608	1007
936.117	1013
936.626	1012
937.136	1010
937.645	1008
938.154	1007
938.663	1006
939.173	1007
939.682	1008
940.191	1005
940.7	1008
941.209	1008
941.718	1008
942.227	1007
942.736	1008
943.245	1000
943.754	1005
944.263	1006
944.772	1004
945.281	1009
945.79	1006
946.299	1009
946.807	1006
947.316	1010
947.825	1003
948.334	1006
948.843	1005
949.351	1003
949.86	1003
950.369	1004
950.877	1009
951.386	1002
951.894	1005
952.403	1003
952.911	1006
953.42	1004
953.929	1007
954.437	1007
954.945	1002
955.454	1005
955.962	1006
956.471	1008
956.979	1004
957.487	1004
957.996	1004
958.504	1004
959.012	1007
959.52	1001
960.029	1008
960.537	1006
961.045	1006
961.553	1005
962.061	1008
962.569	1008
963.077	1006
963.585	1005
