432.895	997
433.423	999
433.95	1000
434.478	1000
435.006	1001
435.534	997
436.062	1000
436.589	999
437.117	998
437.645	998
438.172	1000
438.7	1002
439.228	997
439.756	1001
440.283	996
440.811	997
441.338	1000
441.866	1000
442.394	998
442.921	997
443.449	999
443.976	996
444.504	1002
445.031	999
445.559	1001
446.086	998
446.614	1000
447.141	1001
447.669	1000
448.196	1001
448.724	999
449.251	1000
449.778	998
450.306	1000
450.833	999
451.361	999
451.888	999
452.415	1000
452.943	997
453.47	999
453.997	1000
454.524	997
455.052	1002
455.579	1001
456.106	1002
456.633	1001
457.16	998
457.688	1000
458.215	1001
458.742	1001
459.269	999
459.796	1002
460.323	1001
460.85	999
461.377	1002
461.904	1000
462.431	998
462.958	1001
463.485	1000
464.012	998
464.539	1001
465.066	999
465.593	1001
466.12	1000
466.647	1000
467.174	1000
467.701	999
468.228	1002
468.755	999
469.282	998
469.808	1000
470.335	1000
470.862	1000
471.389	1002
471.915	998
472.442	999
472.969	1000
473.496	999
474.022	996
474.549	1000
475.076	1000
475.602	999
476.129	1002
476.656	999
477.182	1000
477.709	1003
478.235	1002
478.762	998
479.289	1001
479.815	999
480.342	1001
480.868	1001
481.395	1003
481.921	999
482.448	998
482.974	1000
483.5	1000
484.027	998
484.553	1000
485.08	1000
485.606	1001
486.132	999
486.659	999
487.185	998
487.711	1000
488.238	1000
488.764	1001
489.29	1001
489.816	999
490.343	996
490.869	1001
491.395	999
491.921	1000
492.447	1000
492.973	1000
493.5	1000
494.026	999
494.552	999
495.078	1000
495.604	1001
496.13	1001
496.656	999
497.182	1000
497.708	997
498.234	1001
498.76	1001
499.286	1000
499.812	999
500.338	998
500.864	999
501.39	998
501.916	1000
502.441	999
502.967	999
503.493	999
504.019	1001
504.545	999
505.071	999
505.596	1002
506.122	997
506.648	998
507.174	1000
507.699	1001
508.225	1003
508.751	998
509.276	1001
509.802	1000
510.328	999
510.853	999
511.379	1000
511.904	999
512.43	999
512.955	998
513.481	1000
514.006	1001
514.532	1000
515.057	999
515.583	1004
516.108	1001
516.634	998
517.159	1000
517.685	1002
518.21	997
518.735	999
519.261	1000
519.786	998
520.311	1001
520.837	998
521.362	1001
521.887	1001
522.413	997
522.938	1001
523.463	999
523.988	998
524.513	1002
525.039	1002
525.564	1004
526.089	1001
526.614	1001
527.139	1002
527.664	1000
528.189	1000
528.714	1000
529.24	1000
529.765	1001
530.29	1001
530.815	1004
531.34	999
531.865	1001
532.389	1001
532.914	1002
533.439	1000
533.964	1001
534.489	999
535.014	1003
535.539	1001
536.064	1000
536.588	1000
537.113	1000
537.638	1004
538.163	1002
538.688	1000
539.212	999
539.737	1000
540.262	1001
540.786	1004
541.311	1001
541.836	1004
542.36	999
542.885	1003
543.41	1002
543.934	1001
544.459	1000
544.983	1005
545.508	1003
546.032	1003
546.557	1001
547.081	1002
547.606	1001
548.13	1004
548.655	1003
549.179	1002
549.704	1001
550.228	1007
550.752	1001
551.277	1003
551.801	1000
552.325	1002
552.85	1002
553.374	1005
553.898	1003
554.423	1003
554.947	1005
555.471	1007
555.995	1003
556.519	1004
557.044	1000
557.568	1005
558.092	1002
558.616	1001
559.14	1003
559.664	1005
560.188	1005
560.712	1003
561.236	1006
561.76	1003
562.284	1002
562.808	1007
563.332	1008
563.856	1009
564.38	1004
564.904	1001
565.428	1008
565.952	1004
566.476	1003
567	1008
567.523	1001
568.047	1007
568.571	1002
569.095	1006
569.619	1010
570.142	1006
570.666	1007
571.19	1005
571.714	1007
572.237	1009
572.761	1012
573.285	1003
573.808	1010
574.332	1008
574.855	1004
575.379	1007
575.903	1009
576.426	1008
576.95	1005
577.473	1008
577.997	1006
578.52	1007
579.044	1007
579.567	1010
580.09	1009
580.614	1009
581.137	1012
581.661	1010
582.184	1012
582.707	1011
583.231	1011
583.754	1011
584.277	1010
584.8	1011
585.324	1014
585.847	1011
586.37	1016
586.893	1015
587.417	1007
587.94	1009
588.463	1015
588.986	1013
589.509	1006
590.032	1008
590.555	1012
591.078	1012
591.601	1009
592.124	1011
592.647	1013
593.17	1013
593.693	1016
594.216	1012
594.739	1013
595.262	1017
595.785	1013
596.308	1018
596.831	1014
597.354	1013
597.877	1012
598.399	1014
598.922	1013
599.445	1015
599.968	1015
600.49	1013
601.013	1016
601.536	1020
602.059	1020
602.581	1017
603.104	1018
603.627	1019
604.149	1017
604.672	1015
605.194	1015
605.717	1022
606.24	1017
606.762	1013
607.285	1014
607.807	1016
608.33	1017
608.852	1022
609.374	1016
609.897	1011
610.419	1022
610.942	1018
611.464	1015
611.986	1023
612.509	1017
613.031	1011
613.553	1017
614.076	1019
614.598	1016
615.12	1026
615.642	1017
616.165	1017
616.687	1016
617.209	1025
617.731	1027
618.253	1019
618.775	1026
619.297	1021
619.82	1019
620.342	1024
620.864	1023
621.386	1025
621.908	1017
622.43	1019
622.952	1018
623.474	1022
623.996	1022
624.518	1021
625.039	1030
625.561	1023
626.083	1018
626.605	1017
627.127	1024
627.649	1020
628.171	1021
628.692	1020
629.214	1027
629.736	1026
630.258	1022
630.779	1028
631.301	1029
631.823	1024
632.344	1020
632.866	1031
633.388	1024
633.909	1028
634.431	1023
634.952	1029
635.474	1024
635.995	1033
636.517	1028
637.038	1031
637.56	1027
638.081	1030
638.603	1033
639.124	1027
639.646	1031
640.167	1032
640.688	1034
641.21	1033
641.731	1031
642.252	1028
642.773	1029
643.295	1028
643.816	1033
644.337	1030
644.859	1032
645.38	1039
645.901	1029
646.422	1025
646.943	1038
647.464	1039
647.985	1038
648.506	1033
649.028	1029
649.549	1029
650.07	1034
650.591	1033
651.112	1036
651.633	1029
652.154	1038
652.674	1034
653.195	1039
653.716	1031
654.237	1040
654.758	1046
655.279	1036
655.8	1033
656.321	1032
656.841	1023
657.362	1034
657.883	1038
658.404	1041
658.924	1035
659.445	1034
659.966	1038
660.486	1033
661.007	1036
661.528	1041
662.048	1040
662.569	1042
663.089	1040
663.61	1038
664.13	1037
664.651	1053
665.171	1043
665.692	1039
666.212	1039
666.733	1043
667.253	1044
667.774	1038
668.294	1040
668.814	1040
669.335	1041
669.855	1032
670.375	1046
670.896	1046
671.416	1036
671.936	1040
672.456	1039
672.977	1038
673.497	1046
674.017	1045
674.537	1039
675.057	1040
675.577	1044
676.097	1040
676.617	1042
677.137	1042
677.657	1046
678.177	1038
678.698	1043
679.217	1049
679.737	1048
680.257	1047
680.777	1042
681.297	1047
681.817	1051
682.337	1041
682.857	1039
683.377	1044
683.896	1050
684.416	1044
684.936	1044
685.456	1045
685.975	1047
686.495	1042
687.015	1045
687.535	1042
688.054	1055
688.574	1046
689.093	1048
689.613	1049
690.133	1050
690.652	1047
691.172	1050
691.691	1040
692.211	1059
692.73	1055
693.25	1064
693.769	1050
694.289	1048
694.808	1050
695.327	1045
695.847	1051
696.366	1042
696.885	1055
697.405	1058
697.924	1049
698.443	1046
698.962	1047
699.482	1048
700.001	1047
700.52	1061
701.039	1048
701.558	1063
702.078	1054
702.597	1048
703.116	1044
703.635	1055
704.154	1043
704.673	1044
705.192	1056
705.711	1049
706.23	1051
706.749	1052
707.268	1066
707.787	1057
708.306	1064
708.824	1061
709.343	1054
709.862	1064
710.381	1051
710.9	1057
711.419	1060
711.937	1059
712.456	1052
712.975	1049
713.493	1054
714.012	1062
714.531	1052
715.049	1052
715.568	1064
716.087	1049
716.605	1063
717.124	1057
717.642	1072
718.161	1052
718.679	1054
719.198	1054
719.716	1056
720.235	1054
720.753	1056
721.272	1052
721.79	1052
722.308	1063
722.827	1063
723.345	1066
723.863	1064
724.382	1066
724.9	1054
725.418	1064
725.936	1064
726.455	1063
726.973	1065
727.491	1068
728.009	1076
728.527	1065
729.045	1056
729.563	1061
730.081	1064
730.599	1065
731.117	1063
731.635	1057
732.153	1071
732.671	1058
733.189	1057
733.707	1068
734.225	1068
734.743	1073
735.261	1067
735.779	1059
736.297	1063
736.814	1065
737.332	1067
737.85	1066
738.368	1060
738.885	1066
739.403	1056
739.921	1061
740.439	1063
740.956	1058
741.474	1072
741.991	1056
742.509	1065
743.027	1058
743.544	1068
744.062	1064
744.579	1069
745.097	1054
745.614	1067
746.131	1072
746.649	1069
747.166	1069
747.684	1059
748.201	1065
748.718	1067
749.236	1067
749.753	1060
750.27	1065
750.788	1067
751.305	1053
751.822	1054
752.339	1063
752.856	1061
753.374	1055
753.891	1064
754.408	1079
754.925	1060
755.442	1069
755.959	1071
756.476	1054
756.993	1069
757.51	1070
758.027	1065
758.544	1074
759.061	1072
759.578	1060
760.095	1060
760.612	1059
761.128	1069
761.645	1067
762.162	1062
762.679	1061
763.196	1072
763.712	1066
764.229	1070
764.746	1057
765.263	1059
765.779	1061
766.296	1070
766.812	1074
767.329	1069
767.846	1059
768.362	1064
768.879	1072
769.395	1064
769.912	1065
770.428	1074
770.945	1068
771.461	1075
771.978	1059
772.494	1067
773.01	1072
773.527	1068
774.043	1062
774.559	1056
775.076	1068
775.592	1068
776.108	1065
776.624	1058
777.141	1060
777.657	1064
778.173	1066
778.689	1060
779.205	1068
779.721	1067
780.237	1062
780.753	1061
781.27	1075
781.786	1067
782.302	1055
782.818	1062
783.333	1057
783.849	1064
784.365	1061
784.881	1064
785.397	1061
785.913	1060
786.429	1064
786.945	1062
787.46	1064
787.976	1067
788.492	1076
789.008	1061
789.523	1063
790.039	1061
790.555	1066
791.07	1055
791.586	1064
792.102	1059
792.617	1052
793.133	1061
793.648	1067
794.164	1064
794.679	1057
795.195	1063
795.71	1071
796.226	1064
796.741	1062
797.256	1054
797.772	1055
798.287	1061
798.802	1060
799.318	1053
799.833	1065
800.348	1057
800.864	1060
801.379	1059
801.894	1065
802.409	1060
802.924	1054
803.44	1061
803.955	1064
804.47	1057
804.985	1048
805.5	1063
806.015	1057
806.53	1057
807.045	1050
807.56	1050
808.075	1066
808.59	1058
809.105	1056
809.619	1058
810.134	1050
810.649	1053
811.164	1053
811.679	1055
812.194	1056
812.708	1064
813.223	1054
813.738	1056
814.252	1057
814.767	1053
815.282	1056
815.796	1060
816.311	1068
816.826	1047
817.34	1059
817.855	1058
818.369	1054
818.884	1057
819.398	1061
819.913	1052
820.427	1063
820.941	1053
821.456	1057
821.97	1058
822.484	1059
822.999	1066
823.513	1055
824.027	1050
824.542	1050
825.056	1054
825.57	1046
826.084	1054
826.598	1064
827.113	1071
827.627	1061
828.141	1055
828.655	1053
829.169	1055
829.683	1051
830.197	1055
830.711	1052
831.225	1051
831.739	1055
832.253	1057
832.767	1063
833.281	1061
833.795	1064
834.308	1053
834.822	1058
835.336	1050
835.85	1058
836.364	1056
836.877	1053
837.391	1046
837.905	1061
838.418	1065
838.932	1062
839.446	1059
839.959	1055
840.473	1063
840.986	1061
841.5	1056
842.013	1054
842.527	1056
843.04	1057
843.554	1051
844.067	1067
844.581	1055
845.094	1053
845.607	1051
846.121	1057
846.634	1062
847.147	1062
847.661	1055
848.174	1053
848.687	1052
849.2	1052
849.714	1068
850.227	1056
850.74	1053
851.253	1055
851.766	1059
852.279	1058
852.792	1058
853.305	1058
853.818	1060
854.331	1064
854.844	1062
855.357	1051
855.87	1051
856.383	1066
856.896	1071
857.409	1065
857.921	1061
858.434	1061
858.947	1061
859.46	1067
859.973	1063
860.485	1058
860.998	1056
861.511	1056
862.023	1064
862.536	1050
863.049	1054
863.561	1056
864.074	1064
864.586	1059
865.099	1057
865.611	1059
866.124	1058
866.636	1067
867.149	1057
867.661	1056
868.173	1057
868.686	1064
869.198	1066
869.71	1058
870.223	1063
870.735	1057
871.247	1058
871.759	1055
872.272	1061
872.784	1056
873.296	1067
873.808	1060
874.32	1056
874.832	1066
875.344	1065
875.856	1061
876.368	1056
876.88	1060
877.392	1063
877.904	1062
878.416	1058
878.928	1057
879.44	1055
879.952	1063
880.464	1072
880.976	1049
881.487	1062
881.999	1064
882.511	1058
883.023	1060
883.534	1057
884.046	1053
884.558	1049
885.069	1054
885.581	1059
886.093	1055
886.604	1059
887.116	1064
887.627	1048
888.139	1053
888.65	1054
889.162	1055
889.673	1057
890.185	1061
890.696	1056
891.207	1062
891.719	1048
892.23	1058
892.741	1049
893.253	1055
893.764	1056
894.275	1059
894.786	1056
895.297	1051
895.809	1050
896.32	1055
896.831	1049
897.342	1049
897.853	1046
898.364	1053
898.875	1056
899.386	1055
899.897	1061
900.408	1061
900.919	1062
901.43	1058
901.941	1059
902.451	1055
902.962	1051
903.473	1051
903.984	1065
904.495	1064
905.005	1054
905.516	1047
906.027	1050
906.538	1060
907.048	1048
907.559	1052
908.069	1046
908.58	1043
909.091	1037
909.601	1044
910.112	1034
910.622	1020
911.133	1016
911.643	1007
912.154	1003
912.664	1006
913.174	1003
913.685	1002
914.195	997
914.705	1003
915.216	1001
915.726	999
916.236	999
916.746	1000
917.256	998
917.767	998
918.277	1000
918.787	1000
919.297	1002
919.807	1000
920.317	1004
920.827	1000
921.337	1001
921.847	1000
922.357	998
922.867	1001
923.377	1002
923.887	1001
924.397	1001
924.906	1002
925.416	1003
925.926	1002
926.436	1001
926.946	1002
927.455	1002
927.965	1003
928.475	1000
928.984	999
929.494	1003
930.004	999
930.513	999
931.023	1003
931.532	1000
932.042	999
932.551	1002
933.061	999
933.57	1005
934.08	1000
934.589	1001
935.098	1004
935.608	1002
936.117	1001
936.626	1003
937.136	1000
937.645	1002
938.154	1001
938.663	1003
939.173	1000
939.682	1001
940.191	1001
940.7	1002
941.209	1001
941.718	1000
942.227	1004
942.736	999
943.245	1001
943.754	1001
944.263	1005
944.772	1000
945.281	999
945.79	1001
946.299	1001
946.807	1000
947.316	1002
947.825	1001
948.334	1001
948.843	998
949.351	1002
949.86	1001
950.369	1001
950.877	1003
951.386	1004
951.894	1004
952.403	1005
952.911	999
953.42	1001
953.929	999
954.437	1002
954.945	1005
955.454	1000
955.962	1001
956.471	999
956.979	1002
957.487	1001
957.996	1002
958.504	999
959.012	1001
959.52	1000
960.029	1002
960.537	1001
961.045	1000
961.553	1001
962.061	999
962.569	1002
963.077	1000
963.585	1002
