382.644	1038
383.172	1038
383.7	1036
384.228	1030
384.757	1030
385.285	1031
385.813	1035
386.341	1040
386.87	1041
387.398	1045
387.926	1051
388.454	1049
388.982	1052
389.51	1068
390.038	1060
390.567	1063
391.095	1064
391.623	1066
392.151	1062
392.679	1076
393.207	1079
393.735	1074
394.263	1085
394.791	1081
395.319	1086
395.847	1091
396.375	1091
396.903	1092
397.431	1110
397.958	1113
398.486	1117
399.014	1109
399.542	1112
400.07	1127
400.598	1106
401.126	1124
401.653	1138
402.181	1132
402.709	1135
403.237	1137
403.764	1142
404.292	1155
404.82	1146
405.348	1151
405.875	1150
406.403	1161
406.931	1163
407.458	1169
407.986	1169
408.513	1169
409.041	1182
409.569	1185
410.096	1182
410.624	1180
411.151	1194
411.679	1189
412.206	1204
412.734	1207
413.261	1214
413.789	1205
414.316	1220
414.843	1224
415.371	1233
415.898	1239
416.426	1216
416.953	1242
417.48	1254
418.008	1252
418.535	1255
419.062	1256
419.59	1267
420.117	1265
420.644	1280
421.171	1279
421.699	1272
422.226	1285
422.753	1280
423.28	1292
423.807	1291
424.335	1310
424.862	1308
425.389	1310
425.916	1308
426.443	1325
426.97	1319
427.497	1332
428.024	1347
428.551	1336
429.078	1338
429.605	1339
430.132	1354
430.659	1373
431.186	1368
431.713	1353
432.24	1375
432.767	1383
433.294	1386
433.821	1394
434.348	1392
434.875	1399
435.401	1401
435.928	1409
436.455	1415
436.982	1414
437.509	1429
438.035	1442
438.562	1446
439.089	1447
439.616	1445
440.142	1452
440.669	1461
441.196	1463
441.722	1457
442.249	1468
442.776	1468
443.302	1492
443.829	1493
444.355	1492
444.882	1500
445.408	1502
445.935	1504
446.461	1510
446.988	1512
447.514	1530
448.041	1527
448.567	1528
449.094	1547
449.62	1558
450.147	1555
450.673	1557
451.199	1552
451.726	1585
452.252	1573
452.778	1573
453.305	1590
453.831	1586
454.357	1596
454.884	1606
455.41	1614
455.936	1627
456.462	1623
456.988	1624
457.515	1635
458.041	1637
458.567	1653
459.093	1661
459.619	1662
460.145	1675
460.671	1678
461.198	1678
461.724	1692
462.25	1721
462.776	1717
463.302	1725
463.828	1727
464.354	1730
464.88	1740
465.406	1764
465.932	1766
466.457	1791
466.983	1791
467.509	1800
468.035	1806
468.561	1825
469.087	1839
469.613	1853
470.138	1866
470.664	1877
471.19	1884
471.716	1901
472.241	1912
472.767	1927
473.293	1960
473.819	1976
474.344	1968
474.87	2006
475.396	1997
475.921	2036
476.447	2030
476.972	2028
477.498	2075
478.024	2080
478.549	2092
479.075	2125
479.6	2130
480.126	2153
480.651	2176
481.177	2184
481.702	2196
482.228	2213
482.753	2230
483.278	2248
483.804	2250
484.329	2300
484.855	2294
485.38	2319
485.905	2344
486.43	2365
486.956	2386
487.481	2399
488.006	2435
488.532	2434
489.057	2448
489.582	2465
490.107	2503
490.632	2533
491.158	2545
491.683	2578
492.208	2610
492.733	2621
493.258	2658
493.783	2642
494.308	2697
494.833	2703
495.358	2732
495.883	2753
496.408	2785
496.933	2818
497.458	2847
497.983	2852
498.508	2874
499.033	2896
499.558	2945
500.083	2959
500.608	2996
501.133	3005
501.657	3038
502.182	3058
502.707	3091
503.232	3130
503.757	3136
504.281	3167
504.806	3175
505.331	3227
505.855	3259
506.38	3286
506.905	3285
507.429	3331
507.954	3341
508.479	3401
509.003	3405
509.528	3438
510.052	3475
510.577	3496
511.102	3510
511.626	3530
512.151	3575
512.675	3611
513.199	3618
513.724	3681
514.248	3705
514.773	3739
515.297	3769
515.822	3791
516.346	3838
516.87	3868
517.395	3879
517.919	3938
518.443	3977
518.968	4011
519.492	4036
520.016	4067
520.54	4101
521.064	4108
521.589	4169
522.113	4214
522.637	4211
523.161	4274
523.685	4308
524.209	4342
524.734	4383
525.258	4441
525.782	4461
526.306	4490
526.83	4527
527.354	4565
527.878	4618
528.402	4622
528.926	4671
529.45	4719
529.974	4774
530.497	4819
531.021	4841
531.545	4901
532.069	4957
532.593	4991
533.117	5013
533.641	5048
534.164	5096
534.688	5156
535.212	5197
535.736	5282
536.259	5298
536.783	5330
537.307	5392
537.83	5462
538.354	5481
538.878	5539
539.401	5603
539.925	5634
540.448	5693
540.972	5726
541.496	5775
542.019	5839
542.543	5885
543.066	5944
543.59	5985
544.113	6025
544.636	6083
545.16	6158
545.683	6196
546.207	6266
546.73	6266
547.253	6381
547.777	6397
548.3	6464
548.823	6529
549.347	6607
549.87	6636
550.393	6720
550.917	6806
551.44	6784
551.963	6865
552.486	6930
553.009	7002
553.532	7037
554.056	7084
554.579	7136
555.102	7229
555.625	7263
556.148	7348
556.671	7396
557.194	7458
557.717	7522
558.24	7583
558.763	7606
559.286	7640
559.809	7701
560.332	7807
560.855	7869
561.378	7915
561.9	8002
562.423	8090
562.946	8131
563.469	8198
563.992	8255
564.514	8301
565.037	8383
565.56	8461
566.083	8537
566.605	8539
567.128	8636
567.651	8659
568.173	8778
568.696	8898
569.219	8873
569.741	8980
570.264	9055
570.786	9121
571.309	9201
571.831	9250
572.354	9294
572.877	9337
573.399	9410
573.921	9524
574.444	9615
574.966	9715
575.489	9778
576.011	9829
576.533	10006
577.056	10073
577.578	10107
578.1	10223
578.623	10286
579.145	10357
579.667	10410
580.19	10525
580.712	10581
581.234	10641
581.756	10774
582.278	10799
582.8	10874
583.323	10970
583.845	11160
584.367	11239
584.889	11271
585.411	11273
585.933	11389
586.455	11470
586.977	11653
587.499	11725
588.021	11790
588.543	11928
589.065	12037
589.587	12098
590.109	12196
590.631	12241
591.152	12246
591.674	12384
592.196	12563
592.718	12620
593.24	12768
593.762	12837
594.283	12896
594.805	13003
595.327	13064
595.848	13210
596.37	13310
596.892	13350
597.413	13465
597.935	13606
598.457	13723
598.978	13851
599.5	13887
600.021	14026
600.543	14091
601.064	14163
601.586	14219
602.107	14315
602.629	14359
603.15	14411
603.672	14573
604.193	14597
604.714	14703
605.236	14649
605.757	14667
606.279	14756
606.8	14874
607.321	15005
607.842	15094
608.364	15101
608.885	15148
609.406	15255
609.927	15254
610.449	15409
610.97	15438
611.491	15458
612.012	15523
612.533	15451
613.054	15554
613.575	15631
614.096	15659
614.617	15763
615.138	15877
615.659	15917
616.18	16047
616.701	16095
617.222	16217
617.743	16220
618.264	16172
618.785	16209
619.306	16337
619.827	16412
620.347	16454
620.868	16554
621.389	16464
621.91	16482
622.431	16482
622.951	16611
623.472	16701
623.993	16774
624.513	16843
625.034	16883
625.555	16975
626.075	16998
626.596	17001
627.117	17065
627.637	17203
628.158	17309
628.678	17403
629.199	17380
629.719	17476
630.24	17519
630.76	17490
631.281	17491
631.801	17536
632.321	17632
632.842	17815
633.362	17879
633.882	17899
634.403	17980
634.923	18148
635.443	18227
635.964	18375
636.484	18337
637.004	18358
637.524	18426
638.044	18565
638.565	18637
639.085	18742
639.605	18775
640.125	18781
640.645	18844
641.165	18986
641.685	19095
642.205	19217
642.725	19212
643.245	19300
643.765	19345
644.285	19527
644.805	19592
645.325	19728
645.845	19848
646.365	19868
646.885	19971
647.405	20052
647.924	20102
648.444	20170
648.964	20258
649.484	20391
650.003	20496
650.523	20539
651.043	20585
651.563	20631
652.082	20729
652.602	20838
653.122	20921
653.641	20922
654.161	21069
654.68	21168
655.2	21199
655.719	21260
656.239	21387
656.758	21398
657.278	21536
657.797	21611
658.317	21624
658.836	21695
659.356	21793
659.875	21814
660.394	21817
660.914	21934
661.433	21977
661.952	22094
662.471	22141
662.991	22168
663.51	22157
664.029	22044
664.548	22005
665.068	22048
665.587	22104
666.106	22138
666.625	22306
667.144	22366
667.663	22452
668.182	22462
668.701	22563
669.22	22607
669.739	22653
670.258	22720
670.777	22737
671.296	22709
671.815	22865
672.334	22832
672.853	22856
673.372	22836
673.891	22892
674.41	22886
674.928	22908
675.447	22982
675.966	22978
676.485	23070
677.003	23027
677.522	23084
678.041	23085
678.56	23137
679.078	23109
679.597	23219
680.115	23194
680.634	23232
681.153	23240
681.671	23272
682.19	23373
682.708	23399
683.227	23446
683.745	23474
684.264	23570
684.782	23570
685.3	23619
685.819	23653
686.337	23711
686.856	23785
687.374	23723
687.892	23805
688.41	23890
688.929	23877
689.447	24012
689.965	24061
690.483	24110
691.002	24153
691.52	24196
692.038	24314
692.556	24356
693.074	24473
693.592	24510
694.11	24560
694.628	24601
695.146	24624
695.664	24682
696.182	24787
696.7	24874
697.218	24904
697.736	24986
698.254	25045
698.772	25069
699.29	25113
699.808	25164
700.326	25209
700.844	25214
701.361	25300
701.879	25352
702.397	25366
702.915	25470
703.432	25551
703.95	25590
704.468	25626
704.985	25687
705.503	25767
706.021	25771
706.538	25753
707.056	25765
707.573	25777
708.091	25933
708.608	25977
709.126	25946
709.643	25936
710.161	25910
710.678	25968
711.195	25926
711.713	25891
712.23	25848
712.748	25843
713.265	25782
713.782	25775
714.299	25777
714.817	25732
715.334	25727
715.851	25647
716.368	25567
716.886	25514
717.403	25434
717.92	25453
718.437	25453
718.954	25321
719.471	25351
719.988	25335
720.505	25328
721.022	25250
721.539	25268
722.056	25273
722.573	25317
723.09	25270
723.607	25367
724.124	25502
724.641	25590
725.158	25620
725.674	25685
726.191	25781
726.708	25815
727.225	25917
727.742	26036
728.258	26118
728.775	26210
729.292	26153
729.808	26272
730.325	26224
730.842	26385
731.358	26421
731.875	26502
732.391	26478
732.908	26488
733.424	26642
733.941	26680
734.457	26681
734.974	26693
735.49	26768
736.007	26831
736.523	26796
737.04	26864
737.556	26820
738.072	26852
738.589	26843
739.105	26882
739.621	26858
740.137	26872
740.654	26834
741.17	26893
741.686	26841
742.202	26775
742.718	26774
743.234	26753
743.751	26680
744.267	26726
744.783	26703
745.299	26697
745.815	26706
746.331	26716
746.847	26651
747.363	26645
747.879	26602
748.395	26575
748.91	26492
749.426	26491
749.942	26480
750.458	26417
750.974	26357
751.49	26348
752.005	26307
752.521	26280
753.037	26218
753.552	26190
754.068	26172
754.584	26171
755.099	26096
755.615	26003
756.131	25917
756.646	25926
757.162	25931
757.677	25888
758.193	25773
758.708	25800
759.224	25729
759.739	25675
760.255	25674
760.77	25546
761.286	25556
761.801	25462
762.316	25397
762.832	25295
763.347	25229
763.862	25294
764.377	25197
764.893	25150
765.408	25143
765.923	25014
766.438	24973
766.953	24956
767.468	24957
767.984	24917
768.499	24951
769.014	24898
769.529	24856
770.044	24784
770.559	24822
771.074	24757
771.589	24629
772.104	24592
772.619	24576
773.133	24503
773.648	24440
774.163	24376
774.678	24344
775.193	24308
775.708	24229
776.222	24160
776.737	24078
777.252	24052
777.767	23904
778.281	23880
778.796	23788
779.311	23707
779.825	23692
780.34	23580
780.854	23554
781.369	23436
781.883	23359
782.398	23262
782.912	23194
783.427	23069
783.941	23010
784.456	22961
784.97	22871
785.484	22759
785.999	22612
786.513	22515
787.027	22418
787.542	22359
788.056	22253
788.57	22170
789.084	22107
789.599	21949
790.113	21875
790.627	21808
791.141	21719
791.655	21595
792.169	21518
792.683	21431
793.198	21364
793.712	21247
794.226	21201
794.74	20993
795.253	21015
795.767	20868
796.281	20709
796.795	20690
797.309	20606
797.823	20511
798.337	20450
798.851	20376
799.364	20277
799.878	20167
800.392	20079
800.906	20007
801.419	19954
801.933	19832
802.447	19773
802.96	19703
803.474	19665
803.987	19567
804.501	19500
805.015	19410
805.528	19357
806.042	19310
806.555	19183
807.069	19086
807.582	19043
808.095	18998
808.609	18933
809.122	18805
809.635	18787
810.149	18665
810.662	18669
811.175	18626
811.689	18532
812.202	18405
812.715	18342
813.228	18308
813.741	18209
814.255	18166
814.768	18162
815.281	18089
815.794	18020
816.307	17964
816.82	17877
817.333	17865
817.846	17746
818.359	17664
818.872	17638
819.385	17574
819.898	17504
820.411	17497
820.924	17422
821.436	17423
821.949	17255
822.462	17202
822.975	17118
823.487	16987
824	16915
824.513	16923
825.026	16855
825.538	16791
826.051	16745
826.563	16699
827.076	16653
827.589	16569
828.101	16531
828.614	16470
829.126	16449
829.639	16422
830.151	16372
830.664	16335
831.176	16307
831.688	16216
832.201	16179
832.713	16116
833.225	16129
833.738	16075
834.25	16046
834.762	15999
835.274	15938
835.787	15862
836.299	15871
836.811	15795
837.323	15769
837.835	15823
838.347	15757
838.859	15707
839.371	15619
839.883	15620
840.395	15551
840.907	15446
841.419	15493
841.931	15421
842.443	15442
842.955	15407
843.467	15335
843.979	15324
844.491	15314
845.003	15283
845.514	15261
846.026	15221
846.538	15154
847.049	15083
847.561	15071
848.073	15018
848.584	15012
849.096	14951
849.608	14921
850.119	14905
850.631	14955
851.142	14906
851.654	14887
852.165	14898
852.677	14842
853.188	14821
853.7	14791
854.211	14797
854.722	14729
855.234	14685
855.745	14686
856.256	14655
856.768	14642
857.279	14592
857.79	14634
858.301	14541
858.812	14533
859.324	14455
859.835	14460
860.346	14427
860.857	14396
861.368	14374
861.879	14375
862.39	14352
862.901	14369
863.412	14310
863.923	14335
864.434	14313
864.945	14250
865.456	14276
865.967	14211
866.477	14105
866.988	14084
867.499	14045
868.01	14000
868.521	13933
869.031	13882
869.542	13836
870.053	13874
870.563	13906
871.074	13854
871.584	13885
872.095	13828
872.606	13861
873.116	13803
873.627	13731
874.137	13700
874.648	13678
875.158	13652
875.669	13631
876.179	13599
876.689	13528
877.2	13481
877.71	13508
878.22	13435
878.731	13393
879.241	13370
879.751	13326
880.261	13236
880.771	13215
881.282	13172
881.792	13187
882.302	13117
882.812	13156
883.322	13089
883.832	13036
884.342	13025
884.852	12992
885.362	12970
885.872	12906
886.382	12880
886.892	12860
887.402	12838
887.912	12803
888.421	12785
888.931	12716
889.441	12704
889.951	12639
890.461	12601
890.97	12550
891.48	12558
891.99	12518
892.499	12449
893.009	12372
893.518	12417
894.028	12315
894.538	12285
895.047	12262
895.557	12154
896.066	12146
896.576	12121
897.085	12060
897.594	11987
898.104	11877
898.613	11863
899.123	11784
899.632	11738
900.141	11657
900.65	11532
901.16	11409
901.669	11274
902.178	11045
902.687	10778
903.196	10360
903.706	9852
904.215	9409
904.724	8828
905.233	8489
905.742	8314
906.251	8344
906.76	8538
907.269	8708
907.778	8852
908.287	8993
908.796	9078
909.304	9135
909.813	9140
910.322	9112
910.831	9092
911.34	9017
911.848	8939
912.357	8800
912.866	8640
913.374	8470
913.883	8204
