416.522,1,866
416.947,1,818
417.373,1,815
417.798,1,813
418.223,1,823
418.649,1,785
419.074,1,819
419.499,1,805
419.925,1,799
420.350,1,814
420.775,1,822
421.201,1,791
421.626,1,807
422.051,1,819
422.477,1,801
422.902,1,841
423.327,1,824
423.752,1,818
424.178,1,841
424.603,1,813
425.028,1,826
425.453,1,837
425.879,1,828
426.304,1,840
426.729,1,833
427.154,1,827
427.580,1,829
428.005,1,855
428.430,1,843
428.855,1,854
429.281,1,831
429.706,1,847
430.131,1,834
430.556,1,836
430.981,1,833
431.406,1,823
431.832,1,830
432.257,1,838
432.682,1,838
433.107,1,850
433.532,1,835
433.957,1,841
434.383,1,853
434.808,1,835
435.233,1,847
435.658,1,839
436.083,1,835
436.508,1,835
436.933,1,848
437.358,1,861
437.783,1,854
438.208,1,850
438.634,1,853
439.059,1,849
439.484,1,852
439.909,1,843
440.334,1,869
440.759,1,826
441.184,1,859
441.609,1,858
442.034,1,846
442.459,1,859
442.884,1,831
443.309,1,839
443.734,1,842
444.159,1,848
444.584,1,854
445.009,1,846
445.434,1,846
445.859,1,855
446.284,1,894
446.709,1,881
447.134,1,854
447.559,1,877
447.984,1,872
448.409,1,878
448.834,1,869
449.259,1,876
449.683,1,867
450.108,1,880
450.533,1,880
450.958,1,878
451.383,1,884
451.808,1,886
452.233,1,872
452.658,1,872
453.083,1,883
453.508,1,904
453.932,1,894
454.357,1,875
454.782,1,899
455.207,1,895
455.632,1,879
456.057,1,889
456.481,1,898
456.906,1,892
457.331,1,887
457.756,1,902
458.181,1,899
458.606,1,904
459.030,1,897
459.455,1,931
459.880,1,924
460.305,1,916
460.729,1,915
461.154,1,913
461.579,1,921
462.004,1,938
462.429,1,899
462.853,1,927
463.278,1,927
463.703,1,905
464.127,1,947
464.552,1,927
464.977,1,938
465.402,1,936
465.826,1,928
466.251,1,950
466.676,1,947
467.100,1,938
467.525,1,954
467.950,1,932
468.374,1,912
468.799,1,945
469.224,1,948
469.648,1,965
470.073,1,967
470.498,1,937
470.922,1,964
471.347,1,988
471.772,1,967
472.196,1,974
472.621,1,963
473.045,1,963
473.470,1,986
473.895,1,967
474.319,1,967
474.744,1,999
475.168,1,1006
475.593,1,1010
476.017,1,1040
476.442,1,1032
476.866,1,999
477.291,1,993
477.716,1,1028
478.140,1,1044
478.565,1,1017
478.989,1,1001
479.414,1,1019
479.838,1,1033
480.263,1,1028
480.687,1,1048
481.112,1,1048
481.536,1,1041
481.961,1,1069
482.385,1,1042
482.810,1,1079
483.234,1,1082
483.658,1,1055
484.083,1,1072
484.507,1,1095
484.932,1,1098
485.356,1,1072
485.781,1,1093
486.205,1,1110
486.630,1,1087
487.054,1,1139
487.478,1,1115
487.903,1,1104
488.327,1,1111
488.752,1,1151
489.176,1,1136
489.600,1,1195
490.025,1,1146
490.449,1,1187
490.873,1,1154
491.298,1,1175
491.722,1,1204
492.146,1,1166
492.571,1,1189
492.995,1,1189
493.419,1,1228
493.844,1,1228
494.268,1,1234
494.692,1,1264
495.117,1,1243
495.541,1,1259
495.965,1,1262
496.389,1,1286
496.814,1,1279
497.238,1,1308
497.662,1,1315
498.087,1,1294
498.511,1,1339
498.935,1,1319
499.359,1,1302
499.783,1,1329
500.208,1,1348
500.632,1,1382
501.056,1,1417
501.480,1,1388
501.905,1,1419
502.329,1,1395
502.753,1,1422
503.177,1,1436
503.601,1,1454
504.026,1,1476
504.450,1,1507
504.874,1,1457
505.298,1,1490
505.722,1,1530
506.146,1,1478
506.570,1,1531
506.995,1,1521
507.419,1,1549
507.843,1,1571
508.267,1,1555
508.691,1,1562
509.115,1,1559
509.539,1,1606
509.963,1,1634
510.387,1,1601
510.812,1,1646
511.236,1,1650
511.660,1,1676
512.084,1,1712
512.508,1,1676
512.932,1,1687
513.356,1,1750
513.780,1,1756
514.204,1,1792
514.628,1,1724
515.052,1,1809
515.476,1,1796
515.900,1,1854
516.324,1,1853
516.748,1,1907
517.172,1,1891
517.596,1,1929
518.020,1,1965
518.444,1,1954
518.868,1,1966
519.292,1,2010
519.716,1,1994
520.140,1,2033
520.564,1,2044
520.988,1,2071
521.412,1,2110
521.836,1,2133
522.259,1,2014
522.683,1,2071
523.107,1,2037
523.531,1,1855
523.955,1,1505
524.379,1,1238
524.803,1,1057
525.227,1,931
525.651,1,871
526.075,1,838
526.498,1,848
526.922,1,855
527.346,1,842
527.770,1,828
528.194,1,827
528.618,1,856
529.041,1,840
529.465,1,838
529.889,1,840
530.313,1,851
530.737,1,850
531.161,1,835
531.584,1,854
532.008,1,845
532.432,1,837
532.856,1,859
533.279,1,851
533.703,1,841
534.127,1,866
534.551,1,851
534.974,1,831
535.398,1,884
535.822,1,863
536.246,1,854
536.669,1,863
537.093,1,863
537.517,1,846
537.941,1,855
538.364,1,873
538.788,1,860
539.212,1,873
539.635,1,869
540.059,1,883
540.483,1,906
540.906,1,951
541.330,1,1088
541.754,1,1341
542.177,1,1949
542.601,1,2646
543.025,1,3120
543.448,1,3296
543.872,1,3408
544.295,1,3453
544.719,1,3548
545.143,1,3496
545.566,1,3584
545.990,1,3707
546.413,1,3739
546.837,1,3659
547.261,1,3641
547.684,1,3786
548.108,1,3751
548.531,1,3779
548.955,1,3855
549.378,1,3879
549.802,1,3868
550.225,1,3912
550.649,1,3964
551.073,1,4118
551.496,1,4044
551.920,1,4063
552.343,1,4116
552.767,1,4179
553.190,1,4139
553.614,1,4263
554.037,1,4342
554.460,1,4318
554.884,1,4413
555.307,1,4331
555.731,1,4394
556.154,1,4410
556.578,1,4528
557.001,1,4513
557.425,1,4569
557.848,1,4502
558.272,1,4695
558.695,1,4721
559.118,1,4777
559.542,1,4898
559.965,1,4896
560.389,1,4994
560.812,1,5018
561.235,1,5006
561.659,1,5154
562.082,1,5206
562.505,1,5208
562.929,1,5359
563.352,1,5238
563.776,1,5235
564.199,1,5427
564.622,1,5514
565.046,1,5390
565.469,1,5468
565.892,1,5541
566.315,1,5593
566.739,1,5731
567.162,1,5799
567.585,1,5861
568.009,1,5767
568.432,1,5735
568.855,1,5800
569.279,1,5915
569.702,1,5952
570.125,1,5992
570.548,1,6167
570.972,1,6073
571.395,1,6089
571.818,1,6126
572.241,1,6298
572.665,1,6232
573.088,1,6396
573.511,1,6302
573.934,1,6304
574.357,1,6460
574.781,1,6435
575.204,1,6528
575.627,1,6559
576.050,1,6630
576.473,1,6759
576.896,1,6738
577.320,1,6766
577.743,1,6858
578.166,1,6759
578.589,1,6901
579.012,1,7031
579.435,1,7019
579.858,1,7126
580.282,1,7105
580.705,1,7085
581.128,1,7098
581.551,1,7292
581.974,1,7342
582.397,1,7431
582.820,1,7448
583.243,1,7463
583.666,1,7621
584.089,1,7537
584.512,1,7724
584.936,1,7843
585.359,1,7763
585.782,1,7992
586.205,1,8055
586.628,1,7945
587.051,1,8075
587.474,1,8185
587.897,1,8204
588.320,1,8289
588.743,1,8401
589.166,1,8470
589.589,1,8686
590.012,1,8650
590.435,1,8698
590.858,1,8739
591.281,1,8726
591.704,1,8819
592.127,1,8856
592.550,1,9026
592.972,1,9011
593.395,1,9044
593.818,1,9170
594.241,1,9377
594.664,1,9276
595.087,1,9324
595.510,1,9362
595.933,1,9475
596.356,1,9419
596.779,1,9415
597.202,1,9469
597.624,1,9539
598.047,1,9722
598.470,1,9994
598.893,1,9919
599.316,1,10024
599.739,1,9914
600.162,1,9979
600.584,1,9906
601.007,1,10026
601.430,1,10139
601.853,1,10192
602.276,1,10333
602.699,1,10224
603.121,1,10321
603.544,1,10307
603.967,1,10308
604.390,1,10415
604.813,1,10617
605.235,1,10514
605.658,1,10742
606.081,1,10705
606.504,1,10718
606.926,1,10738
607.349,1,10793
607.772,1,10912
608.195,1,10876
608.617,1,11199
609.040,1,11307
609.463,1,11391
609.885,1,11249
610.308,1,11259
610.731,1,11268
611.154,1,11563
611.576,1,11387
611.999,1,11644
612.422,1,11724
612.844,1,11937
613.267,1,12043
613.690,1,12057
614.112,1,11913
614.535,1,12043
614.958,1,12164
615.380,1,12128
615.803,1,12300
616.225,1,12455
616.648,1,12490
617.071,1,12624
617.493,1,12494
617.916,1,12784
618.338,1,12846
618.761,1,13065
619.184,1,13071
619.606,1,13174
620.029,1,13113
620.451,1,12987
620.874,1,13011
621.296,1,12920
621.719,1,13041
622.142,1,13240
622.564,1,13398
622.987,1,13472
623.409,1,13518
623.832,1,13729
624.254,1,13567
624.677,1,13621
625.099,1,13769
625.522,1,13681
625.944,1,13757
626.367,1,13762
626.789,1,13963
627.212,1,13911
627.634,1,13909
628.056,1,14004
628.479,1,14140
628.901,1,14136
629.324,1,14058
629.746,1,14371
630.169,1,14468
630.591,1,14533
631.014,1,14646
631.436,1,14633
631.858,1,14677
632.281,1,14581
632.703,1,14704
633.126,1,14791
633.548,1,14806
633.970,1,14989
634.393,1,14985
634.815,1,15078
635.237,1,15237
635.660,1,15141
636.082,1,15087
636.504,1,15001
636.927,1,15169
637.349,1,15239
637.771,1,15393
638.194,1,15565
638.616,1,15676
639.038,1,15746
639.461,1,15869
639.883,1,15838
640.305,1,15871
640.727,1,15896
641.150,1,15945
641.572,1,16221
641.994,1,16224
642.417,1,16306
642.839,1,16393
643.261,1,16625
643.683,1,16762
644.106,1,16683
644.528,1,16647
644.950,1,16619
645.372,1,16801
645.794,1,16853
646.217,1,17028
646.639,1,17139
647.061,1,17104
647.483,1,17084
647.905,1,17382
648.328,1,17409
648.750,1,17391
649.172,1,17580
649.594,1,17547
650.016,1,17680
650.438,1,17935
650.861,1,17836
651.283,1,17958
651.705,1,17872
652.127,1,17788
652.549,1,17785
652.971,1,17791
653.393,1,18149
653.815,1,18022
654.237,1,18299
654.660,1,18304
655.082,1,18331
655.504,1,18395
655.926,1,18422
656.348,1,18093
656.770,1,18076
657.192,1,18143
657.614,1,18315
658.036,1,18609
658.458,1,18709
658.880,1,18770
659.302,1,18900
659.724,1,18958
660.146,1,18888
660.568,1,18997
660.990,1,18792
661.412,1,18799
661.834,1,19100
662.256,1,19385
662.678,1,19526
663.100,1,19670
663.522,1,19590
663.944,1,19386
664.366,1,19575
664.788,1,19560
665.210,1,19378
665.632,1,19436
666.054,1,19304
666.476,1,19616
666.898,1,19818
667.320,1,20216
667.741,1,20314
668.163,1,20342
668.585,1,20432
669.007,1,20327
669.429,1,20407
669.851,1,20542
670.273,1,20715
670.695,1,20575
671.116,1,20492
671.538,1,20702
671.960,1,20988
672.382,1,21248
672.804,1,21176
673.226,1,20646
673.648,1,20725
674.069,1,20827
674.491,1,21080
674.913,1,21375
675.335,1,21479
675.757,1,21808
676.178,1,21771
676.600,1,21540
677.022,1,21773
677.444,1,21892
677.865,1,21956
678.287,1,21986
678.709,1,21901
679.131,1,21629
679.552,1,22070
679.974,1,22276
680.396,1,22345
680.818,1,22613
681.239,1,22633
681.661,1,22439
682.083,1,22707
682.504,1,22577
682.926,1,22767
683.348,1,22734
683.770,1,22885
684.191,1,22779
684.613,1,22672
685.035,1,22753
685.456,1,23031
685.878,1,23358
686.300,1,23160
686.721,1,23135
687.143,1,23010
687.564,1,22941
687.986,1,23270
688.408,1,23354
688.829,1,23478
689.251,1,23808
689.673,1,23476
690.094,1,23474
690.516,1,23215
690.937,1,23227
691.359,1,23363
691.780,1,23649
692.202,1,23496
692.624,1,23524
693.045,1,23716
693.467,1,23689
693.888,1,23955
694.310,1,24169
694.731,1,24416
695.153,1,24629
695.574,1,24539
695.996,1,24011
696.417,1,23967
696.839,1,23689
697.260,1,24038
697.682,1,24223
698.103,1,24319
698.525,1,24651
698.946,1,24669
699.368,1,24655
699.789,1,24813
700.211,1,24909
700.632,1,25261
701.054,1,25112
701.475,1,25017
701.896,1,24622
702.318,1,24608
702.739,1,24610
703.161,1,24846
703.582,1,25460
704.004,1,25720
704.425,1,25824
704.846,1,25526
705.268,1,25519
705.689,1,25425
706.111,1,25348
706.532,1,25685
706.953,1,26003
707.375,1,25952
707.796,1,25995
708.217,1,25898
708.639,1,25873
709.060,1,26062
709.481,1,25767
709.903,1,26267
710.324,1,26417
710.745,1,26566
711.167,1,26552
711.588,1,26069
712.009,1,25846
712.430,1,25871
712.852,1,26157
713.273,1,26736
713.694,1,26936
714.116,1,27078
714.537,1,27000
714.958,1,26974
715.379,1,26351
715.801,1,26723
716.222,1,26662
716.643,1,26911
717.064,1,27235
717.485,1,27420
717.907,1,27394
718.328,1,27087
718.749,1,26829
719.170,1,27249
719.591,1,27356
720.013,1,27623
720.434,1,27764
720.855,1,28010
721.276,1,28313
721.697,1,27658
722.118,1,27460
722.540,1,27327
722.961,1,27428
723.382,1,27809
723.803,1,28464
724.224,1,28356
724.645,1,28586
725.066,1,28332
725.487,1,28001
725.909,1,27517
726.330,1,27287
726.751,1,27482
727.172,1,27847
727.593,1,28094
728.014,1,28566
728.435,1,28290
728.856,1,27911
729.277,1,27769
729.698,1,27567
730.119,1,27678
730.540,1,28333
730.961,1,28593
731.382,1,28644
731.803,1,28694
732.224,1,28376
732.645,1,28098
733.066,1,27955
733.487,1,28035
733.908,1,28609
734.329,1,29081
734.750,1,29220
735.171,1,29209
735.592,1,28808
736.013,1,28188
736.434,1,28330
736.855,1,28431
737.276,1,28544
737.697,1,28881
738.118,1,29521
738.539,1,29575
738.960,1,29517
739.381,1,29361
739.802,1,29109
740.222,1,28723
740.643,1,28986
741.064,1,29184
741.485,1,29409
741.906,1,29738
742.327,1,30031
742.748,1,29704
743.169,1,29522
743.589,1,29295
744.010,1,29097
744.431,1,29458
744.852,1,29892
745.273,1,30372
745.694,1,30745
746.114,1,30427
746.535,1,30227
746.956,1,29735
747.377,1,29516
747.798,1,29091
748.218,1,29506
748.639,1,29503
749.060,1,30105
749.481,1,30437
749.902,1,30967
750.322,1,31103
750.743,1,30626
751.164,1,30155
751.585,1,29759
752.005,1,29781
752.426,1,29879
752.847,1,30432
753.267,1,30714
753.688,1,30787
754.109,1,31130
754.530,1,31075
754.950,1,31021
755.371,1,30602
755.792,1,30107
756.212,1,29967
756.633,1,30016
757.054,1,30529
757.474,1,31266
757.895,1,31346
758.316,1,31563
758.736,1,31402
759.157,1,30886
759.578,1,30812
759.998,1,30501
760.419,1,30390
760.839,1,30499
761.260,1,30757
761.681,1,31341
762.101,1,31461
762.522,1,31673
762.942,1,31631
763.363,1,31131
763.783,1,30758
764.204,1,30293
764.625,1,30217
765.045,1,30130
765.466,1,30648
765.886,1,30995
766.307,1,31951
766.727,1,31860
767.148,1,31234
767.568,1,31008
767.989,1,30454
768.409,1,30176
768.830,1,30003
769.250,1,30063
769.671,1,30417
770.091,1,30558
770.512,1,30963
770.932,1,31151
771.353,1,30953
771.773,1,30385
772.194,1,30220
772.614,1,30053
773.035,1,30323
773.455,1,30769
773.875,1,31050
774.296,1,31095
774.716,1,31188
775.137,1,30883
775.557,1,30350
775.978,1,30322
776.398,1,29870
776.818,1,29736
777.239,1,30089
777.659,1,30778
778.079,1,31131
778.500,1,31194
778.920,1,30993
779.341,1,30595
779.761,1,30247
780.181,1,29950
780.602,1,29443
781.022,1,29942
781.442,1,29885
781.863,1,30579
782.283,1,30678
782.703,1,30642
783.123,1,30235
783.544,1,29692
783.964,1,29605
784.384,1,29785
784.805,1,29966
785.225,1,30102
785.645,1,30529
786.065,1,30549
786.486,1,30552
786.906,1,30220
787.326,1,29883
787.746,1,29423
788.167,1,29404
788.587,1,29321
789.007,1,29776
789.427,1,30072
789.848,1,30538
790.268,1,30727
790.688,1,31045
791.108,1,30669
791.528,1,30311
791.948,1,29911
792.369,1,29676
792.789,1,29297
793.209,1,29493
793.629,1,30036
794.049,1,30232
794.469,1,30471
794.890,1,30505
795.310,1,30136
795.730,1,30076
796.150,1,29927
796.570,1,29614
796.990,1,29603
797.410,1,29696
797.830,1,29390
798.250,1,29619
798.671,1,29510
799.091,1,29694
799.511,1,30172
799.931,1,29547
800.351,1,29691
800.771,1,29462
801.191,1,29016
801.611,1,28918
802.031,1,29142
802.451,1,29429
802.871,1,29606
803.291,1,29931
803.711,1,30168
804.131,1,29887
804.551,1,29616
804.971,1,29414
805.391,1,29285
805.811,1,29175
806.231,1,29083
806.651,1,29044
807.071,1,28959
807.491,1,29457
807.911,1,29420
808.331,1,29479
808.751,1,29296
809.171,1,29462
809.591,1,29191
810.011,1,28878
810.431,1,28650
810.851,1,28838
811.270,1,29010
811.690,1,29357
812.110,1,29323
812.530,1,29458
812.950,1,29279
813.370,1,28921
813.790,1,28562
814.210,1,28442
814.630,1,28293
815.049,1,28385
815.469,1,28546
815.889,1,28643
816.309,1,28788
816.729,1,28968
817.149,1,28770
817.568,1,28618
817.988,1,28171
818.408,1,28046
818.828,1,27908
819.248,1,28019
819.667,1,27960
820.087,1,28200
820.507,1,28355
820.927,1,28758
821.347,1,28791
821.766,1,28790
822.186,1,28534
822.606,1,28187
823.026,1,28068
823.445,1,27923
823.865,1,27984
824.285,1,27864
824.704,1,28002
825.124,1,28254
825.544,1,28016
825.964,1,28008
826.383,1,28007
826.803,1,27817
827.223,1,27793
827.642,1,27654
828.062,1,27431
828.482,1,27825
828.901,1,27731
829.321,1,28199
829.741,1,28011
830.160,1,28152
830.580,1,28325
831.000,1,28163
831.419,1,27706
831.839,1,27763
832.258,1,27597
832.678,1,27447
833.098,1,27260
833.517,1,27400
833.937,1,27331
834.356,1,27582
834.776,1,27706
835.196,1,27904
835.615,1,27928
836.035,1,27935
836.454,1,27902
836.874,1,27826
837.293,1,27922
837.713,1,27676
838.133,1,27913
838.552,1,27871
838.972,1,28024
839.391,1,28033
839.811,1,28289
840.230,1,28058
840.650,1,28321
841.069,1,28090
841.489,1,28187
841.908,1,28040
842.328,1,28005
842.747,1,28079
843.166,1,27661
843.586,1,27641
844.005,1,27784
844.425,1,27973
844.844,1,28106
845.264,1,28112
845.683,1,27987
846.103,1,28051
846.522,1,27885
846.941,1,27955
847.361,1,27783
847.780,1,28082
848.200,1,27963
848.619,1,28235
849.038,1,28077
849.458,1,28012
849.877,1,28229
850.296,1,28316
850.716,1,28109
851.135,1,28240
851.555,1,28356
851.974,1,28427
852.393,1,28235
852.813,1,28164
853.232,1,28010
853.651,1,27928
854.071,1,28151
854.490,1,27963
854.909,1,27972
855.328,1,28181
855.748,1,28187
856.167,1,28384
856.586,1,28576
857.006,1,28692
857.425,1,28824
857.844,1,28761
858.263,1,28931
858.683,1,29040
859.102,1,28674
859.521,1,28330
859.940,1,28441
860.360,1,28560
860.779,1,28470
861.198,1,28499
861.617,1,28265
862.036,1,28607
862.456,1,28443
862.875,1,28927
863.294,1,28820
863.713,1,28895
864.132,1,28981
864.551,1,28745
864.971,1,28422
865.390,1,28322
865.809,1,28542
866.228,1,28415
866.647,1,28426
867.066,1,28539
867.485,1,28428
867.905,1,28705
868.324,1,29001
868.743,1,28967
869.162,1,28962
869.581,1,28931
870.000,1,29009
870.419,1,29240
870.838,1,28880
871.257,1,28641
871.676,1,28769
872.095,1,28562
872.514,1,28831
872.934,1,28772
873.353,1,28682
873.772,1,28847
874.191,1,29019
874.610,1,29096
875.029,1,29459
875.448,1,29127
875.867,1,29299
876.286,1,28883
876.705,1,28828
877.124,1,29045
877.543,1,28889
877.962,1,29448
878.381,1,29438
878.800,1,29800
879.219,1,30032
879.638,1,30171
880.056,1,30039
880.475,1,30053
880.894,1,29772
881.313,1,29311
881.732,1,29178
882.151,1,28854
882.570,1,28919
882.989,1,29134
883.408,1,29383
883.827,1,29315
884.246,1,29740
884.665,1,29880
885.083,1,29916
885.502,1,29975
885.921,1,29764
886.340,1,29561
886.759,1,29499
887.178,1,29412
887.597,1,29569
888.015,1,29629
888.434,1,29953
888.853,1,29974
889.272,1,30269
889.691,1,29916
890.110,1,29943
890.528,1,29533
890.947,1,29094
891.366,1,28817
891.785,1,29031
892.203,1,28922
892.622,1,29358
893.041,1,29981
893.460,1,30315
893.879,1,30572
894.297,1,30787
894.716,1,30636
895.135,1,30078
895.553,1,29547
895.972,1,29193
896.391,1,29175
896.810,1,29013
897.228,1,29311
897.647,1,29435
898.066,1,29928
898.484,1,30007
898.903,1,30309
899.322,1,30296
899.741,1,30370
900.159,1,29831
900.578,1,29612
900.996,1,29597
901.415,1,29443
901.834,1,29452
902.252,1,29574
902.671,1,29921
903.090,1,29878
903.508,1,30336
903.927,1,30402
904.346,1,30260
904.764,1,30242
905.183,1,29990
905.601,1,29768
906.020,1,29452
906.438,1,29143
906.857,1,28979
907.276,1,29044
907.694,1,28757
908.113,1,28787
908.531,1,29038
908.950,1,29493
909.368,1,29733
909.787,1,30171
910.205,1,30475
910.624,1,30626
911.042,1,30700
911.461,1,30785
911.880,1,30473
912.298,1,30022
912.717,1,29488
913.135,1,28995
913.553,1,28609
913.972,1,28368
914.390,1,28023
914.809,1,28136
915.227,1,28192
915.646,1,28528
916.064,1,28407
916.483,1,28844
916.901,1,29013
917.320,1,29371
917.738,1,30078
918.156,1,30262
918.575,1,30713
918.993,1,30997
919.412,1,30738
919.830,1,30531
920.248,1,30372
920.667,1,29970
921.085,1,29767
921.503,1,28948
921.922,1,28856
922.340,1,28149
922.759,1,27771
923.177,1,28007
923.595,1,28085
924.014,1,27975
924.432,1,28098
924.850,1,28512
925.269,1,28747
925.687,1,29224
926.105,1,29522
926.523,1,30148
926.942,1,30048
927.360,1,30024
927.778,1,29821
928.197,1,29170
928.615,1,28322
929.033,1,27564
929.451,1,27206
929.870,1,27040
930.288,1,26651
930.706,1,26341
931.124,1,26359
931.543,1,26397
931.961,1,26969
932.379,1,27581
932.797,1,28166
933.215,1,28301
933.634,1,29142
934.052,1,29293
934.470,1,29485
934.888,1,29538
935.306,1,29372
935.725,1,28941
936.143,1,28355
936.561,1,27910
936.979,1,27324
937.397,1,26759
937.815,1,26224
938.233,1,25582
938.652,1,24960
939.070,1,24717
939.488,1,24647
939.906,1,24691
940.324,1,24825
940.742,1,25132
941.160,1,25521
941.578,1,26100
941.996,1,26647
942.415,1,27127
942.833,1,27578
943.251,1,27821
943.669,1,27760
944.087,1,27807
944.505,1,27557
944.923,1,26821
945.341,1,26352
945.759,1,25826
946.177,1,24930
946.595,1,24222
947.013,1,23734
947.431,1,23353
947.849,1,23204
948.267,1,23492
948.685,1,23683
949.103,1,23953
949.521,1,24525
949.939,1,25150
950.357,1,25514
950.775,1,26023
951.193,1,26294
951.611,1,25882
952.029,1,25697
952.447,1,25004
952.865,1,24140
953.282,1,23656
953.700,1,23571
954.118,1,23105
954.536,1,22429
954.954,1,22333
955.372,1,21935
955.790,1,22160
956.208,1,22379
956.626,1,22892
957.044,1,23355
957.461,1,23715
957.879,1,24251
958.297,1,24401
958.715,1,24197
959.133,1,23846
959.551,1,23403
959.968,1,22590
960.386,1,21930
960.804,1,22434
961.222,1,22616
961.640,1,23267
962.058,1,23736
962.475,1,23811
962.893,1,23615
963.311,1,23554
963.729,1,23430
964.146,1,23597
964.564,1,23024
964.982,1,22213
965.400,1,21438
965.817,1,20613
966.235,1,19967
966.653,1,19245
967.071,1,18923
967.488,1,18935
967.906,1,19121
968.324,1,19396
968.742,1,19831
969.159,1,20387
969.577,1,20956
969.995,1,21584
970.412,1,22003
970.830,1,22124
971.248,1,21752
971.665,1,21434
972.083,1,21019
972.501,1,20281
972.918,1,19520
973.336,1,18688
973.754,1,17714
974.171,1,17507
974.589,1,17045
975.006,1,16683
975.424,1,16720
975.842,1,16890
976.259,1,17227
976.677,1,17715
977.094,1,18352
977.512,1,18896
977.930,1,19295
978.347,1,19888
978.765,1,20304
979.182,1,20033
979.600,1,19710
980.017,1,19334
980.435,1,18215
980.853,1,17636
416.522,2,883
416.947,2,795
417.373,2,794
417.798,2,786
418.223,2,783
418.649,2,789
419.074,2,799
419.499,2,810
419.925,2,795
420.350,2,786
420.775,2,822
421.201,2,804
421.626,2,783
422.051,2,779
422.477,2,822
422.902,2,814
423.327,2,795
423.752,2,792
424.178,2,813
424.603,2,796
425.028,2,786
425.453,2,811
425.879,2,803
426.304,2,798
426.729,2,794
427.154,2,810
427.580,2,802
428.005,2,801
428.430,2,806
428.855,2,802
429.281,2,806
429.706,2,809
430.131,2,818
430.556,2,821
430.981,2,799
431.406,2,804
431.832,2,794
432.257,2,804
432.682,2,808
433.107,2,803
433.532,2,808
433.957,2,807
434.383,2,817
434.808,2,820
435.233,2,808
435.658,2,816
436.083,2,818
436.508,2,814
436.933,2,818
437.358,2,806
437.783,2,816
438.208,2,801
438.634,2,826
439.059,2,832
439.484,2,814
439.909,2,827
440.334,2,798
440.759,2,830
441.184,2,830
441.609,2,823
442.034,2,821
442.459,2,812
442.884,2,804
443.309,2,835
443.734,2,834
444.159,2,812
444.584,2,827
445.009,2,810
445.434,2,827
445.859,2,825
446.284,2,820
446.709,2,806
447.134,2,838
447.559,2,836
447.984,2,814
448.409,2,831
448.834,2,814
449.259,2,819
449.683,2,818
450.108,2,822
450.533,2,824
450.958,2,812
451.383,2,824
451.808,2,820
452.233,2,827
452.658,2,827
453.083,2,830
453.508,2,824
453.932,2,830
454.357,2,815
454.782,2,831
455.207,2,830
455.632,2,833
456.057,2,830
456.481,2,817
456.906,2,822
457.331,2,821
457.756,2,825
458.181,2,836
458.606,2,824
459.030,2,830
459.455,2,834
459.880,2,828
460.305,2,822
460.729,2,832
461.154,2,812
461.579,2,842
462.004,2,842
462.429,2,833
462.853,2,851
463.278,2,842
463.703,2,826
464.127,2,831
464.552,2,834
464.977,2,831
465.402,2,827
465.826,2,823
466.251,2,828
466.676,2,855
467.100,2,812
467.525,2,843
467.950,2,827
468.374,2,825
468.799,2,839
469.224,2,832
469.648,2,820
470.073,2,831
470.498,2,827
470.922,2,847
471.347,2,819
471.772,2,843
472.196,2,837
472.621,2,833
473.045,2,846
473.470,2,836
473.895,2,825
474.319,2,834
474.744,2,849
475.168,2,837
475.593,2,832
476.017,2,818
476.442,2,823
476.866,2,835
477.291,2,827
477.716,2,830
478.140,2,853
478.565,2,838
478.989,2,832
479.414,2,833
479.838,2,835
480.263,2,815
480.687,2,820
481.112,2,835
481.536,2,833
481.961,2,862
482.385,2,822
482.810,2,833
483.234,2,857
483.658,2,828
484.083,2,823
484.507,2,828
484.932,2,809
485.356,2,817
485.781,2,833
486.205,2,832
486.630,2,839
487.054,2,837
487.478,2,831
487.903,2,831
488.327,2,831
488.752,2,823
489.176,2,844
489.600,2,822
490.025,2,835
490.449,2,836
490.873,2,823
491.298,2,824
491.722,2,821
492.146,2,814
492.571,2,824
492.995,2,834
493.419,2,825
493.844,2,841
494.268,2,837
494.692,2,848
495.117,2,819
495.541,2,838
495.965,2,824
496.389,2,811
496.814,2,832
497.238,2,831
497.662,2,832
498.087,2,819
498.511,2,827
498.935,2,828
499.359,2,824
499.783,2,846
500.208,2,828
500.632,2,855
501.056,2,839
501.480,2,823
501.905,2,836
502.329,2,818
502.753,2,842
503.177,2,825
503.601,2,822
504.026,2,827
504.450,2,841
504.874,2,850
505.298,2,845
505.722,2,836
506.146,2,820
506.570,2,849
506.995,2,844
507.419,2,819
507.843,2,844
508.267,2,828
508.691,2,835
509.115,2,826
509.539,2,829
509.963,2,840
510.387,2,824
510.812,2,841
511.236,2,843
511.660,2,824
512.084,2,829
512.508,2,847
512.932,2,822
513.356,2,821
513.780,2,857
514.204,2,837
514.628,2,824
515.052,2,826
515.476,2,815
515.900,2,849
516.324,2,829
516.748,2,825
517.172,2,831
517.596,2,823
518.020,2,817
518.444,2,831
518.868,2,820
519.292,2,862
519.716,2,838
520.140,2,837
520.564,2,857
520.988,2,808
521.412,2,830
521.836,2,819
522.259,2,833
522.683,2,823
523.107,2,818
523.531,2,848
523.955,2,833
524.379,2,831
524.803,2,823
525.227,2,831
525.651,2,827
526.075,2,831
526.498,2,839
526.922,2,825
527.346,2,828
527.770,2,832
528.194,2,839
528.618,2,823
529.041,2,846
529.465,2,840
529.889,2,830
530.313,2,815
530.737,2,818
531.161,2,831
531.584,2,834
532.008,2,820
532.432,2,848
532.856,2,839
533.279,2,823
533.703,2,839
534.127,2,819
534.551,2,846
534.974,2,830
535.398,2,832
535.822,2,830
536.246,2,831
536.669,2,837
537.093,2,847
537.517,2,830
537.941,2,817
538.364,2,861
538.788,2,829
539.212,2,831
539.635,2,836
540.059,2,830
540.483,2,834
540.906,2,841
541.330,2,850
541.754,2,856
542.177,2,825
542.601,2,831
543.025,2,848
543.448,2,839
543.872,2,823
544.295,2,847
544.719,2,828
545.143,2,830
545.566,2,800
545.990,2,831
546.413,2,819
546.837,2,825
547.261,2,826
547.684,2,801
548.108,2,815
548.531,2,816
548.955,2,800
549.378,2,809
549.802,2,805
550.225,2,819
550.649,2,784
551.073,2,799
551.496,2,786
551.920,2,791
552.343,2,791
552.767,2,792
553.190,2,776
553.614,2,792
554.037,2,793
554.460,2,767
554.884,2,783
555.307,2,771
555.731,2,783
556.154,2,775
556.578,2,789
557.001,2,799
557.425,2,768
557.848,2,773
558.272,2,784
558.695,2,767
559.118,2,783
559.542,2,774
559.965,2,783
560.389,2,797
560.812,2,783
561.235,2,783
561.659,2,778
562.082,2,774
562.505,2,791
562.929,2,769
563.352,2,790
563.776,2,790
564.199,2,776
564.622,2,787
565.046,2,780
565.469,2,788
565.892,2,782
566.315,2,795
566.739,2,788
567.162,2,803
567.585,2,795
568.009,2,783
568.432,2,795
568.855,2,785
569.279,2,794
569.702,2,780
570.125,2,794
570.548,2,806
570.972,2,791
571.395,2,784
571.818,2,790
572.241,2,792
572.665,2,787
573.088,2,790
573.511,2,805
573.934,2,791
574.357,2,810
574.781,2,799
575.204,2,795
575.627,2,809
576.050,2,815
576.473,2,816
576.896,2,799
577.320,2,806
577.743,2,800
578.166,2,812
578.589,2,809
579.012,2,807
579.435,2,816
579.858,2,830
580.282,2,807
580.705,2,841
581.128,2,809
581.551,2,815
581.974,2,815
582.397,2,838
582.820,2,858
583.243,2,828
583.666,2,817
584.089,2,814
584.512,2,828
584.936,2,837
585.359,2,829
585.782,2,813
586.205,2,844
586.628,2,837
587.051,2,815
587.474,2,823
587.897,2,823
588.320,2,846
588.743,2,839
589.166,2,830
589.589,2,855
590.012,2,825
590.435,2,831
590.858,2,848
591.281,2,833
591.704,2,844
592.127,2,853
592.550,2,846
592.972,2,846
593.395,2,846
593.818,2,847
594.241,2,855
594.664,2,842
595.087,2,842
595.510,2,855
595.933,2,833
596.356,2,839
596.779,2,848
597.202,2,848
597.624,2,864
598.047,2,869
598.470,2,848
598.893,2,855
599.316,2,835
599.739,2,840
600.162,2,829
600.584,2,855
601.007,2,853
601.430,2,861
601.853,2,879
602.276,2,890
602.699,2,880
603.121,2,879
603.544,2,866
603.967,2,867
604.390,2,897
604.813,2,881
605.235,2,897
605.658,2,887
606.081,2,886
606.504,2,881
606.926,2,885
607.349,2,912
607.772,2,893
608.195,2,923
608.617,2,909
609.040,2,932
609.463,2,904
609.885,2,899
610.308,2,921
610.731,2,922
611.154,2,905
611.576,2,936
611.999,2,934
612.422,2,954
612.844,2,939
613.267,2,915
613.690,2,945
614.112,2,954
614.535,2,943
614.958,2,933
615.380,2,956
615.803,2,937
616.225,2,959
616.648,2,959
617.071,2,946
617.493,2,968
617.916,2,935
618.338,2,947
618.761,2,978
619.184,2,940
619.606,2,949
620.029,2,957
620.451,2,947
620.874,2,950
621.296,2,939
621.719,2,960
622.142,2,955
622.564,2,951
622.987,2,963
623.409,2,988
623.832,2,947
624.254,2,963
624.677,2,954
625.099,2,974
625.522,2,975
625.944,2,959
626.367,2,973
626.789,2,980
627.212,2,968
627.634,2,974
628.056,2,963
628.479,2,969
628.901,2,992
629.324,2,976
629.746,2,946
630.169,2,975
630.591,2,945
631.014,2,994
631.436,2,998
631.858,2,979
632.281,2,984
632.703,2,994
633.126,2,988
633.548,2,966
633.970,2,1014
634.393,2,987
634.815,2,983
635.237,2,1002
635.660,2,990
636.082,2,1001
636.504,2,1000
636.927,2,1005
637.349,2,1003
637.771,2,1013
638.194,2,1000
638.616,2,1013
639.038,2,985
639.461,2,996
639.883,2,995
640.305,2,1011
640.727,2,1011
641.150,2,1006
641.572,2,1008
641.994,2,1019
642.417,2,1047
642.839,2,1006
643.261,2,1015
643.683,2,1016
644.106,2,1045
644.528,2,1039
644.950,2,1003
645.372,2,1016
645.794,2,1009
646.217,2,1044
646.639,2,1036
647.061,2,1054
647.483,2,1064
647.905,2,1035
648.328,2,1042
648.750,2,1072
649.172,2,1062
649.594,2,1048
650.016,2,1056
650.438,2,1057
650.861,2,1055
651.283,2,1053
651.705,2,1072
652.127,2,1038
652.549,2,1077
652.971,2,1095
653.393,2,1075
653.815,2,1091
654.237,2,1091
654.660,2,1076
655.082,2,1054
655.504,2,1051
655.926,2,1078
656.348,2,1052
656.770,2,1070
657.192,2,1091
657.614,2,1083
658.036,2,1108
658.458,2,1110
658.880,2,1067
659.302,2,1078
659.724,2,1113
660.146,2,1087
660.568,2,1063
660.990,2,1058
661.412,2,1087
661.834,2,1067
662.256,2,1053
662.678,2,1067
663.100,2,1077
663.522,2,1055
663.944,2,1055
664.366,2,1048
664.788,2,1045
665.210,2,1052
665.632,2,1056
666.054,2,1006
666.476,2,1052
666.898,2,1032
667.320,2,1033
667.741,2,1026
668.163,2,1022
668.585,2,1039
669.007,2,1026
669.429,2,1026
669.851,2,1030
670.273,2,984
670.695,2,1011
671.116,2,1039
671.538,2,1014
671.960,2,1016
672.382,2,1029
672.804,2,1018
673.226,2,1024
673.648,2,1039
674.069,2,1022
674.491,2,1051
674.913,2,1033
675.335,2,1062
675.757,2,1035
676.178,2,1031
676.600,2,1041
677.022,2,1048
677.444,2,1049
677.865,2,1017
678.287,2,1059
678.709,2,1045
679.131,2,1066
679.552,2,1046
679.974,2,1079
680.396,2,1055
680.818,2,1065
681.239,2,1055
681.661,2,1040
682.083,2,1049
682.504,2,1056
682.926,2,1066
683.348,2,1058
683.770,2,1054
684.191,2,1047
684.613,2,1075
685.035,2,1043
685.456,2,1042
685.878,2,1070
686.300,2,1041
686.721,2,1058
687.143,2,1020
687.564,2,1074
687.986,2,1064
688.408,2,1038
688.829,2,1065
689.251,2,1014
689.673,2,1031
690.094,2,1037
690.516,2,1020
690.937,2,1022
691.359,2,1041
691.780,2,1021
692.202,2,1027
692.624,2,1050
693.045,2,1006
693.467,2,1019
693.888,2,1006
694.310,2,1003
694.731,2,1029
695.153,2,999
695.574,2,1033
695.996,2,1024
696.417,2,1012
696.839,2,1033
697.260,2,991
697.682,2,986
698.103,2,994
698.525,2,983
698.946,2,978
699.368,2,1009
699.789,2,989
700.211,2,985
700.632,2,985
701.054,2,978
701.475,2,990
701.896,2,979
702.318,2,993
702.739,2,984
703.161,2,962
703.582,2,1002
704.004,2,1001
704.425,2,976
704.846,2,1004
705.268,2,975
705.689,2,975
706.111,2,993
706.532,2,967
706.953,2,998
707.375,2,986
707.796,2,976
708.217,2,991
708.639,2,967
709.060,2,960
709.481,2,988
709.903,2,972
710.324,2,976
710.745,2,983
711.167,2,963
711.588,2,982
712.009,2,963
712.430,2,979
712.852,2,943
713.273,2,967
713.694,2,958
714.116,2,966
714.537,2,975
714.958,2,977
715.379,2,968
715.801,2,959
716.222,2,957
716.643,2,974
717.064,2,980
717.485,2,976
717.907,2,944
718.328,2,958
718.749,2,949
719.170,2,957
719.591,2,958
720.013,2,963
720.434,2,978
720.855,2,981
721.276,2,991
721.697,2,951
722.118,2,948
722.540,2,955
722.961,2,966
723.382,2,954
723.803,2,987
724.224,2,939
724.645,2,915
725.066,2,960
725.487,2,969
725.909,2,964
726.330,2,951
726.751,2,958
727.172,2,946
727.593,2,948
728.014,2,963
728.435,2,934
728.856,2,929
729.277,2,957
729.698,2,964
730.119,2,948
730.540,2,959
730.961,2,939
731.382,2,933
731.803,2,950
732.224,2,936
732.645,2,943
733.066,2,953
733.487,2,959
733.908,2,958
734.329,2,946
734.750,2,941
735.171,2,962
735.592,2,950
736.013,2,971
736.434,2,963
736.855,2,939
737.276,2,965
737.697,2,944
738.118,2,945
738.539,2,952
738.960,2,971
739.381,2,982
739.802,2,966
740.222,2,949
740.643,2,977
741.064,2,959
741.485,2,965
741.906,2,943
742.327,2,963
742.748,2,983
743.169,2,963
743.589,2,967
744.010,2,950
744.431,2,963
744.852,2,968
745.273,2,982
745.694,2,994
746.114,2,968
746.535,2,952
746.956,2,971
747.377,2,960
747.798,2,971
748.218,2,977
748.639,2,958
749.060,2,985
749.481,2,998
749.902,2,972
750.322,2,989
750.743,2,977
751.164,2,965
751.585,2,965
752.005,2,959
752.426,2,963
752.847,2,993
753.267,2,961
753.688,2,973
754.109,2,998
754.530,2,984
754.950,2,998
755.371,2,974
755.792,2,978
756.212,2,978
756.633,2,959
757.054,2,987
757.474,2,983
757.895,2,1014
758.316,2,993
758.736,2,968
759.157,2,989
759.578,2,971
759.998,2,961
760.419,2,976
760.839,2,963
761.260,2,971
761.681,2,983
762.101,2,978
762.522,2,965
762.942,2,988
763.363,2,945
763.783,2,964
764.204,2,962
764.625,2,967
765.045,2,978
765.466,2,979
765.886,2,975
766.307,2,977
766.727,2,1003
767.148,2,963
767.568,2,955
767.989,2,975
768.409,2,967
768.830,2,977
769.250,2,981
769.671,2,973
770.091,2,959
770.512,2,974
770.932,2,982
771.353,2,946
771.773,2,979
772.194,2,980
772.614,2,974
773.035,2,971
773.455,2,994
773.875,2,966
774.296,2,955
774.716,2,972
775.137,2,963
775.557,2,973
775.978,2,976
776.398,2,970
776.818,2,962
777.239,2,976
777.659,2,957
778.079,2,977
778.500,2,986
778.920,2,971
779.341,2,983
779.761,2,972
780.181,2,955
780.602,2,966
781.022,2,983
781.442,2,991
781.863,2,990
782.283,2,987
782.703,2,987
783.123,2,963
783.544,2,978
783.964,2,985
784.384,2,963
784.805,2,960
785.225,2,968
785.645,2,1012
786.065,2,968
786.486,2,984
786.906,2,991
787.326,2,979
787.746,2,988
788.167,2,967
788.587,2,982
789.007,2,967
789.427,2,992
789.848,2,976
790.268,2,966
790.688,2,974
791.108,2,1004
791.528,2,970
791.948,2,972
792.369,2,990
792.789,2,980
793.209,2,993
793.629,2,971
794.049,2,986
794.469,2,993
794.890,2,956
795.310,2,985
795.730,2,988
796.150,2,950
796.570,2,974
796.990,2,979
797.410,2,965
797.830,2,1002
798.250,2,999
798.671,2,961
799.091,2,956
799.511,2,963
799.931,2,959
800.351,2,983
800.771,2,972
801.191,2,971
801.611,2,977
802.031,2,993
802.451,2,966
802.871,2,991
803.291,2,970
803.711,2,971
804.131,2,973
804.551,2,983
804.971,2,987
805.391,2,993
805.811,2,989
806.231,2,960
806.651,2,971
807.071,2,979
807.491,2,957
807.911,2,997
808.331,2,985
808.751,2,978
809.171,2,1000
809.591,2,971
810.011,2,1001
810.431,2,998
810.851,2,998
811.270,2,1019
811.690,2,982
812.110,2,990
812.530,2,1014
812.950,2,988
813.370,2,992
813.790,2,983
814.210,2,984
814.630,2,979
815.049,2,995
815.469,2,1003
815.889,2,1007
816.309,2,982
816.729,2,976
817.149,2,1004
817.568,2,992
817.988,2,1001
818.408,2,971
818.828,2,995
819.248,2,995
819.667,2,983
820.087,2,987
820.507,2,980
820.927,2,1003
821.347,2,994
821.766,2,993
822.186,2,985
822.606,2,1031
823.026,2,995
823.445,2,1017
823.865,2,997
824.285,2,984
824.704,2,999
825.124,2,999
825.544,2,1001
825.964,2,989
826.383,2,975
826.803,2,997
827.223,2,1006
827.642,2,1014
828.062,2,995
828.482,2,986
828.901,2,1008
829.321,2,1012
829.741,2,1022
830.160,2,995
830.580,2,1014
831.000,2,1027
831.419,2,1018
831.839,2,995
832.258,2,998
832.678,2,1009
833.098,2,986
833.517,2,980
833.937,2,991
834.356,2,1007
834.776,2,1006
835.196,2,1011
835.615,2,998
836.035,2,1013
836.454,2,1018
836.874,2,1009
837.293,2,981
837.713,2,972
838.133,2,985
838.552,2,990
838.972,2,1021
839.391,2,985
839.811,2,1014
840.230,2,1016
840.650,2,1010
841.069,2,968
841.489,2,1002
841.908,2,984
842.328,2,980
842.747,2,971
843.166,2,1025
843.586,2,976
844.005,2,987
844.425,2,1014
844.844,2,981
845.264,2,979
845.683,2,992
846.103,2,972
846.522,2,976
846.941,2,1015
847.361,2,1002
847.780,2,1006
848.200,2,1004
848.619,2,982
849.038,2,966
849.458,2,969
849.877,2,1000
850.296,2,1004
850.716,2,988
851.135,2,994
851.555,2,988
851.974,2,1019
852.393,2,987
852.813,2,971
853.232,2,1001
853.651,2,1012
854.071,2,1011
854.490,2,1012
854.909,2,1001
855.328,2,1059
855.748,2,1013
856.167,2,999
856.586,2,1024
857.006,2,1000
857.425,2,1020
857.844,2,1036
858.263,2,1042
858.683,2,1045
859.102,2,1041
859.521,2,1014
859.940,2,1044
860.360,2,1030
860.779,2,1022
861.198,2,1014
861.617,2,1025
862.036,2,999
862.456,2,1017
862.875,2,976
863.294,2,1015
863.713,2,1005
864.132,2,994
864.551,2,988
864.971,2,970
865.390,2,983
865.809,2,995
866.228,2,985
866.647,2,986
867.066,2,973
867.485,2,986
867.905,2,998
868.324,2,979
868.743,2,975
869.162,2,991
869.581,2,984
870.000,2,1011
870.419,2,987
870.838,2,981
871.257,2,1008
871.676,2,1019
872.095,2,1023
872.514,2,1023
872.934,2,1056
873.353,2,1025
873.772,2,1017
874.191,2,1071
874.610,2,1062
875.029,2,1060
875.448,2,1041
875.867,2,1096
876.286,2,1095
876.705,2,1063
877.124,2,1072
877.543,2,1088
877.962,2,1123
878.381,2,1115
878.800,2,1121
879.219,2,1130
879.638,2,1151
880.056,2,1144
880.475,2,1176
880.894,2,1145
881.313,2,1158
881.732,2,1162
882.151,2,1177
882.570,2,1200
882.989,2,1161
883.408,2,1166
883.827,2,1148
884.246,2,1158
884.665,2,1147
885.083,2,1163
885.502,2,1148
885.921,2,1194
886.340,2,1179
886.759,2,1170
887.178,2,1181
887.597,2,1189
888.015,2,1161
888.434,2,1164
888.853,2,1114
889.272,2,1218
889.691,2,1259
890.110,2,1252
890.528,2,1270
890.947,2,1287
891.366,2,1274
891.785,2,1276
892.203,2,1292
892.622,2,1266
893.041,2,1275
893.460,2,1335
893.879,2,1337
894.297,2,1356
894.716,2,1339
895.135,2,1308
895.553,2,1322
895.972,2,1306
896.391,2,1325
896.810,2,1275
897.228,2,1309
897.647,2,1321
898.066,2,1352
898.484,2,1390
898.903,2,1360
899.322,2,1404
899.741,2,1408
900.159,2,1417
900.578,2,1343
900.996,2,1359
901.415,2,1358
901.834,2,1354
902.252,2,1374
902.671,2,1365
903.090,2,1355
903.508,2,1387
903.927,2,1381
904.346,2,1363
904.764,2,1383
905.183,2,1356
905.601,2,1421
906.020,2,1443
906.438,2,1486
906.857,2,1479
907.276,2,1478
907.694,2,1490
908.113,2,1462
908.531,2,1466
908.950,2,1417
909.368,2,1441
909.787,2,1397
910.205,2,1407
910.624,2,1393
911.042,2,1462
911.461,2,1406
911.880,2,1397
912.298,2,1443
912.717,2,1415
913.135,2,1399
913.553,2,1430
913.972,2,1451
914.390,2,1455
914.809,2,1468
915.227,2,1506
915.646,2,1540
916.064,2,1504
916.483,2,1498
916.901,2,1448
917.320,2,1495
917.738,2,1491
918.156,2,1508
918.575,2,1477
918.993,2,1406
919.412,2,1433
919.830,2,1436
920.248,2,1452
920.667,2,1408
921.085,2,1416
921.503,2,1427
921.922,2,1355
922.340,2,1375
922.759,2,1356
923.177,2,1368
923.595,2,1310
924.014,2,1373
924.432,2,1347
924.850,2,1328
925.269,2,1359
925.687,2,1322
926.105,2,1340
926.523,2,1331
926.942,2,1327
927.360,2,1279
927.778,2,1293
928.197,2,1284
928.615,2,1262
929.033,2,1271
929.451,2,1274
929.870,2,1222
930.288,2,1234
930.706,2,1207
931.124,2,1243
931.543,2,1178
931.961,2,1212
932.379,2,1168
932.797,2,1198
933.215,2,1155
933.634,2,1156
934.052,2,1148
934.470,2,1176
934.888,2,1100
935.306,2,1133
935.725,2,1116
936.143,2,1102
936.561,2,1079
936.979,2,1079
937.397,2,1074
937.815,2,1053
938.233,2,1067
938.652,2,1044
939.070,2,1013
939.488,2,1022
939.906,2,1009
940.324,2,1059
940.742,2,1011
941.160,2,1012
941.578,2,1022
941.996,2,998
942.415,2,998
942.833,2,1024
943.251,2,1034
943.669,2,984
944.087,2,1001
944.505,2,997
944.923,2,1006
945.341,2,1029
945.759,2,1008
946.177,2,1003
946.595,2,987
947.013,2,979
947.431,2,971
947.849,2,966
948.267,2,995
948.685,2,987
949.103,2,986
949.521,2,992
949.939,2,986
950.357,2,1011
950.775,2,998
951.193,2,977
951.611,2,1015
952.029,2,975
952.447,2,966
952.865,2,983
953.282,2,976
953.700,2,965
954.118,2,967
954.536,2,964
954.954,2,963
955.372,2,974
955.790,2,972
956.208,2,976
956.626,2,975
957.044,2,956
957.461,2,978
957.879,2,940
958.297,2,945
958.715,2,973
959.133,2,955
959.551,2,956
959.968,2,964
960.386,2,938
960.804,2,963
961.222,2,948
961.640,2,943
962.058,2,945
962.475,2,946
962.893,2,939
963.311,2,961
963.729,2,952
964.146,2,959
964.564,2,935
964.982,2,950
965.400,2,927
965.817,2,947
966.235,2,930
966.653,2,957
967.071,2,940
967.488,2,928
967.906,2,942
968.324,2,924
968.742,2,912
969.159,2,949
969.577,2,926
969.995,2,934
970.412,2,942
970.830,2,905
971.248,2,920
971.665,2,917
972.083,2,919
972.501,2,915
972.918,2,897
973.336,2,935
973.754,2,935
974.171,2,930
974.589,2,927
975.006,2,949
975.424,2,929
975.842,2,928
976.259,2,933
976.677,2,955
977.094,2,954
977.512,2,920
977.930,2,955
978.347,2,969
978.765,2,952
979.182,2,972
979.600,2,971
980.017,2,960
980.435,2,978
980.853,2,969
416.522,3,890
416.947,3,786
417.373,3,797
417.798,3,775
418.223,3,782
418.649,3,803
419.074,3,803
419.499,3,788
419.925,3,807
420.350,3,794
420.775,3,791
421.201,3,803
421.626,3,795
422.051,3,816
422.477,3,821
422.902,3,805
423.327,3,812
423.752,3,808
424.178,3,808
424.603,3,810
425.028,3,801
425.453,3,800
425.879,3,810
426.304,3,794
426.729,3,800
427.154,3,825
427.580,3,805
428.005,3,828
428.430,3,816
428.855,3,806
429.281,3,828
429.706,3,834
430.131,3,830
430.556,3,819
430.981,3,821
431.406,3,826
431.832,3,818
432.257,3,825
432.682,3,846
433.107,3,823
433.532,3,829
433.957,3,854
434.383,3,837
434.808,3,835
435.233,3,812
435.658,3,830
436.083,3,831
436.508,3,841
436.933,3,834
437.358,3,833
437.783,3,823
438.208,3,832
438.634,3,844
439.059,3,830
439.484,3,846
439.909,3,824
440.334,3,827
440.759,3,842
441.184,3,851
441.609,3,844
442.034,3,831
442.459,3,839
442.884,3,831
443.309,3,855
443.734,3,850
444.159,3,841
444.584,3,846
445.009,3,843
445.434,3,851
445.859,3,837
446.284,3,829
446.709,3,836
447.134,3,842
447.559,3,838
447.984,3,851
448.409,3,831
448.834,3,838
449.259,3,840
449.683,3,839
450.108,3,844
450.533,3,835
450.958,3,832
451.383,3,838
451.808,3,817
452.233,3,831
452.658,3,822
453.083,3,846
453.508,3,852
453.932,3,845
454.357,3,840
454.782,3,856
455.207,3,832
455.632,3,854
456.057,3,850
456.481,3,829
456.906,3,843
457.331,3,837
457.756,3,853
458.181,3,861
458.606,3,852
459.030,3,819
459.455,3,848
459.880,3,845
460.305,3,857
460.729,3,851
461.154,3,837
461.579,3,851
462.004,3,839
462.429,3,851
462.853,3,847
463.278,3,849
463.703,3,839
464.127,3,871
464.552,3,859
464.977,3,840
465.402,3,856
465.826,3,887
466.251,3,863
466.676,3,836
467.100,3,867
467.525,3,865
467.950,3,871
468.374,3,883
468.799,3,856
469.224,3,862
469.648,3,876
470.073,3,862
470.498,3,879
470.922,3,859
471.347,3,867
471.772,3,864
472.196,3,877
472.621,3,881
473.045,3,876
473.470,3,868
473.895,3,867
474.319,3,879
474.744,3,887
475.168,3,866
475.593,3,847
476.017,3,885
476.442,3,865
476.866,3,858
477.291,3,869
477.716,3,862
478.140,3,887
478.565,3,888
478.989,3,887
479.414,3,892
479.838,3,885
480.263,3,874
480.687,3,879
481.112,3,887
481.536,3,904
481.961,3,871
482.385,3,885
482.810,3,899
483.234,3,899
483.658,3,875
484.083,3,902
484.507,3,921
484.932,3,894
485.356,3,927
485.781,3,910
486.205,3,891
486.630,3,919
487.054,3,885
487.478,3,922
487.903,3,897
488.327,3,888
488.752,3,892
489.176,3,918
489.600,3,897
490.025,3,918
490.449,3,962
490.873,3,923
491.298,3,912
491.722,3,906
492.146,3,940
492.571,3,951
492.995,3,927
493.419,3,939
493.844,3,948
494.268,3,937
494.692,3,934
495.117,3,958
495.541,3,947
495.965,3,949
496.389,3,950
496.814,3,959
497.238,3,949
497.662,3,946
498.087,3,931
498.511,3,963
498.935,3,953
499.359,3,969
499.783,3,977
500.208,3,943
500.632,3,995
501.056,3,981
501.480,3,950
501.905,3,995
502.329,3,983
502.753,3,971
503.177,3,998
503.601,3,988
504.026,3,1004
504.450,3,980
504.874,3,971
505.298,3,1003
505.722,3,996
506.146,3,1023
506.570,3,1022
506.995,3,1018
507.419,3,1047
507.843,3,1026
508.267,3,1015
508.691,3,1055
509.115,3,1028
509.539,3,1044
509.963,3,1046
510.387,3,1061
510.812,3,1038
511.236,3,1060
511.660,3,1075
512.084,3,1056
512.508,3,1056
512.932,3,1066
513.356,3,1081
513.780,3,1056
514.204,3,1067
514.628,3,1090
515.052,3,1095
515.476,3,1086
515.900,3,1090
516.324,3,1083
516.748,3,1081
517.172,3,1121
517.596,3,1118
518.020,3,1106
518.444,3,1165
518.868,3,1137
519.292,3,1123
519.716,3,1141
520.140,3,1148
520.564,3,1110
520.988,3,1150
521.412,3,1150
521.836,3,1186
522.259,3,1138
522.683,3,1143
523.107,3,1175
523.531,3,1123
523.955,3,1049
524.379,3,895
524.803,3,844
525.227,3,841
525.651,3,822
526.075,3,837
526.498,3,811
526.922,3,826
527.346,3,823
527.770,3,824
528.194,3,823
528.618,3,806
529.041,3,846
529.465,3,811
529.889,3,828
530.313,3,808
530.737,3,822
531.161,3,826
531.584,3,819
532.008,3,824
532.432,3,808
532.856,3,807
533.279,3,852
533.703,3,826
534.127,3,806
534.551,3,833
534.974,3,831
535.398,3,835
535.822,3,823
536.246,3,832
536.669,3,821
537.093,3,828
537.517,3,839
537.941,3,838
538.364,3,826
538.788,3,823
539.212,3,848
539.635,3,823
540.059,3,868
540.483,3,964
540.906,3,1187
541.330,3,1375
541.754,3,1505
542.177,3,1517
542.601,3,1515
543.025,3,1547
543.448,3,1517
543.872,3,1542
544.295,3,1553
544.719,3,1555
545.143,3,1563
545.566,3,1584
545.990,3,1571
546.413,3,1610
546.837,3,1614
547.261,3,1599
547.684,3,1607
548.108,3,1612
548.531,3,1643
548.955,3,1651
549.378,3,1670
549.802,3,1678
550.225,3,1698
550.649,3,1708
551.073,3,1656
551.496,3,1731
551.920,3,1698
552.343,3,1685
552.767,3,1753
553.190,3,1731
553.614,3,1718
554.037,3,1758
554.460,3,1771
554.884,3,1757
555.307,3,1772
555.731,3,1815
556.154,3,1805
556.578,3,1846
557.001,3,1854
557.425,3,1899
557.848,3,1902
558.272,3,1849
558.695,3,1908
559.118,3,1950
559.542,3,1927
559.965,3,1935
560.389,3,1939
560.812,3,1949
561.235,3,1936
561.659,3,1971
562.082,3,1997
562.505,3,1970
562.929,3,1984
563.352,3,2030
563.776,3,2063
564.199,3,2140
564.622,3,2094
565.046,3,2071
565.469,3,2068
565.892,3,2122
566.315,3,2131
566.739,3,2138
567.162,3,2167
567.585,3,2144
568.009,3,2199
568.432,3,2185
568.855,3,2252
569.279,3,2252
569.702,3,2252
570.125,3,2285
570.548,3,2288
570.972,3,2288
571.395,3,2331
571.818,3,2387
572.241,3,2366
572.665,3,2418
573.088,3,2387
573.511,3,2393
573.934,3,2439
574.357,3,2463
574.781,3,2463
575.204,3,2531
575.627,3,2564
576.050,3,2532
576.473,3,2536
576.896,3,2556
577.320,3,2618
577.743,3,2624
578.166,3,2614
578.589,3,2645
579.012,3,2654
579.435,3,2708
579.858,3,2677
580.282,3,2685
580.705,3,2709
581.128,3,2734
581.551,3,2766
581.974,3,2781
582.397,3,2806
582.820,3,2783
583.243,3,2757
583.666,3,2793
584.089,3,2850
584.512,3,2862
584.936,3,2921
585.359,3,2951
585.782,3,2953
586.205,3,2933
586.628,3,3015
587.051,3,3025
587.474,3,3052
587.897,3,3073
588.320,3,3101
588.743,3,3087
589.166,3,3099
589.589,3,3091
590.012,3,3170
590.435,3,3196
590.858,3,3167
591.281,3,3209
591.704,3,3201
592.127,3,3239
592.550,3,3242
592.972,3,3304
593.395,3,3346
593.818,3,3340
594.241,3,3402
594.664,3,3446
595.087,3,3455
595.510,3,3426
595.933,3,3487
596.356,3,3436
596.779,3,3527
597.202,3,3526
597.624,3,3561
598.047,3,3560
598.470,3,3635
598.893,3,3604
599.316,3,3647
599.739,3,3718
600.162,3,3728
600.584,3,3721
601.007,3,3722
601.430,3,3771
601.853,3,3831
602.276,3,3778
602.699,3,3846
603.121,3,3831
603.544,3,3897
603.967,3,3807
604.390,3,3839
604.813,3,3925
605.235,3,4007
605.658,3,3972
606.081,3,3966
606.504,3,4031
606.926,3,4056
607.349,3,4038
607.772,3,4145
608.195,3,4096
608.617,3,4104
609.040,3,4147
609.463,3,4140
609.885,3,4166
610.308,3,4238
610.731,3,4203
611.154,3,4171
611.576,3,4322
611.999,3,4351
612.422,3,4444
612.844,3,4447
613.267,3,4435
613.690,3,4549
614.112,3,4467
614.535,3,4547
614.958,3,4561
615.380,3,4503
615.803,3,4669
616.225,3,4604
616.648,3,4592
617.071,3,4674
617.493,3,4745
617.916,3,4695
618.338,3,4672
618.761,3,4773
619.184,3,4787
619.606,3,4798
620.029,3,4816
620.451,3,4771
620.874,3,4871
621.296,3,4904
621.719,3,4924
622.142,3,5033
622.564,3,5009
622.987,3,5020
623.409,3,5054
623.832,3,4991
624.254,3,5036
624.677,3,5018
625.099,3,5190
625.522,3,5095
625.944,3,5183
626.367,3,5228
626.789,3,5267
627.212,3,5340
627.634,3,5234
628.056,3,5286
628.479,3,5313
628.901,3,5336
629.324,3,5264
629.746,3,5348
630.169,3,5425
630.591,3,5389
631.014,3,5450
631.436,3,5456
631.858,3,5558
632.281,3,5475
632.703,3,5482
633.126,3,5648
633.548,3,5606
633.970,3,5737
634.393,3,5697
634.815,3,5783
635.237,3,5697
635.660,3,5838
636.082,3,5710
636.504,3,5840
636.927,3,5883
637.349,3,5940
637.771,3,5911
638.194,3,5964
638.616,3,5856
639.038,3,5943
639.461,3,5978
639.883,3,6065
640.305,3,5970
640.727,3,6012
641.150,3,6141
641.572,3,6184
641.994,3,6225
642.417,3,6184
642.839,3,6206
643.261,3,6202
643.683,3,6160
644.106,3,6262
644.528,3,6319
644.950,3,6356
645.372,3,6366
645.794,3,6412
646.217,3,6346
646.639,3,6380
647.061,3,6471
647.483,3,6412
647.905,3,6333
648.328,3,6496
648.750,3,6512
649.172,3,6507
649.594,3,6576
650.016,3,6548
650.438,3,6633
650.861,3,6635
651.283,3,6598
651.705,3,6626
652.127,3,6611
652.549,3,6723
652.971,3,6787
653.393,3,6718
653.815,3,6756
654.237,3,6895
654.660,3,6959
655.082,3,7006
655.504,3,7006
655.926,3,6927
656.348,3,6980
656.770,3,7019
657.192,3,7065
657.614,3,7115
658.036,3,7227
658.458,3,7192
658.880,3,7197
659.302,3,7176
659.724,3,7201
660.146,3,7145
660.568,3,7249
660.990,3,7319
661.412,3,7399
661.834,3,7367
662.256,3,7372
662.678,3,7468
663.100,3,7523
663.522,3,7536
663.944,3,7406
664.366,3,7326
664.788,3,7450
665.210,3,7560
665.632,3,7620
666.054,3,7599
666.476,3,7680
666.898,3,7577
667.320,3,7648
667.741,3,7632
668.163,3,7796
668.585,3,7668
669.007,3,7617
669.429,3,7676
669.851,3,7698
670.273,3,7787
670.695,3,7706
671.116,3,7887
671.538,3,7942
671.960,3,7816
672.382,3,7766
672.804,3,7725
673.226,3,7771
673.648,3,7798
674.069,3,7651
674.491,3,7768
674.913,3,7798
675.335,3,7968
675.757,3,7965
676.178,3,8006
676.600,3,7921
677.022,3,7969
677.444,3,7929
677.865,3,8007
678.287,3,8068
678.709,3,8087
679.131,3,8037
679.552,3,8163
679.974,3,8149
680.396,3,8031
680.818,3,8238
681.239,3,8260
681.661,3,8214
682.083,3,8110
682.504,3,8160
682.926,3,8143
683.348,3,8176
683.770,3,8354
684.191,3,8394
684.613,3,8484
685.035,3,8408
685.456,3,8392
685.878,3,8328
686.300,3,8531
686.721,3,8455
687.143,3,8471
687.564,3,8475
687.986,3,8511
688.408,3,8571
688.829,3,8821
689.251,3,8888
689.673,3,8789
690.094,3,8781
690.516,3,8699
690.937,3,8519
691.359,3,8680
691.780,3,8716
692.202,3,8780
692.624,3,8767
693.045,3,8733
693.467,3,8858
693.888,3,8814
694.310,3,8895
694.731,3,9113
695.153,3,9068
695.574,3,8806
695.996,3,8828
696.417,3,8918
696.839,3,8902
697.260,3,9054
697.682,3,9087
698.103,3,9056
698.525,3,9038
698.946,3,8933
699.368,3,9070
699.789,3,9057
700.211,3,9245
700.632,3,9178
701.054,3,9023
701.475,3,8952
701.896,3,8936
702.318,3,8965
702.739,3,9134
703.161,3,9158
703.582,3,9312
704.004,3,9174
704.425,3,9170
704.846,3,9046
705.268,3,9074
705.689,3,9215
706.111,3,9314
706.532,3,9369
706.953,3,9289
707.375,3,9378
707.796,3,9146
708.217,3,9315
708.639,3,9470
709.060,3,9563
709.481,3,9536
709.903,3,9451
710.324,3,9639
710.745,3,9427
711.167,3,9375
711.588,3,9404
712.009,3,9612
712.430,3,9659
712.852,3,9662
713.273,3,9806
713.694,3,9753
714.116,3,9535
714.537,3,9692
714.958,3,9545
715.379,3,9592
715.801,3,9755
716.222,3,9916
716.643,3,9881
717.064,3,9759
717.485,3,9895
717.907,3,9707
718.328,3,9690
718.749,3,9826
719.170,3,9916
719.591,3,9916
720.013,3,10075
720.434,3,9862
720.855,3,9684
721.276,3,9755
721.697,3,9763
722.118,3,9744
722.540,3,9838
722.961,3,10064
723.382,3,10047
723.803,3,9923
724.224,3,9851
724.645,3,9739
725.066,3,9793
725.487,3,9753
725.909,3,9816
726.330,3,9996
726.751,3,9989
727.172,3,10118
727.593,3,10111
728.014,3,9976
728.435,3,9808
728.856,3,9787
729.277,3,9968
729.698,3,10007
730.119,3,9983
730.540,3,10130
730.961,3,10059
731.382,3,10155
731.803,3,9943
732.224,3,9848
732.645,3,9910
733.066,3,9850
733.487,3,10129
733.908,3,10294
734.329,3,10251
734.750,3,10192
735.171,3,10197
735.592,3,10103
736.013,3,10099
736.434,3,10003
736.855,3,10153
737.276,3,10088
737.697,3,10265
738.118,3,10302
738.539,3,10260
738.960,3,10385
739.381,3,10336
739.802,3,10234
740.222,3,10194
740.643,3,10311
741.064,3,10392
741.485,3,10429
741.906,3,10543
742.327,3,10364
742.748,3,10421
743.169,3,10279
743.589,3,10228
744.010,3,10237
744.431,3,10403
744.852,3,10554
745.273,3,10696
745.694,3,10647
746.114,3,10750
746.535,3,10439
746.956,3,10324
747.377,3,10341
747.798,3,10485
748.218,3,10553
748.639,3,10721
749.060,3,10808
749.481,3,10807
749.902,3,10721
750.322,3,10624
750.743,3,10563
751.164,3,10455
751.585,3,10626
752.005,3,10691
752.426,3,10663
752.847,3,10658
753.267,3,10577
753.688,3,10611
754.109,3,10497
754.530,3,10473
754.950,3,10398
755.371,3,10527
755.792,3,10604
756.212,3,10592
756.633,3,10651
757.054,3,10591
757.474,3,10402
757.895,3,10459
758.316,3,10298
758.736,3,10348
759.157,3,10567
759.578,3,10591
759.998,3,10615
760.419,3,10678
760.839,3,10604
761.260,3,10340
761.681,3,10345
762.101,3,10326
762.522,3,10302
762.942,3,10576
763.363,3,10491
763.783,3,10539
764.204,3,10472
764.625,3,10154
765.045,3,10241
765.466,3,10398
765.886,3,10344
766.307,3,10391
766.727,3,10495
767.148,3,10537
767.568,3,10486
767.989,3,10365
768.409,3,10274
768.830,3,10342
769.250,3,10273
769.671,3,10356
770.091,3,10480
770.512,3,10481
770.932,3,10612
771.353,3,10457
771.773,3,10410
772.194,3,10475
772.614,3,10309
773.035,3,10291
773.455,3,10287
773.875,3,10517
774.296,3,10491
774.716,3,10455
775.137,3,10498
775.557,3,10408
775.978,3,10323
776.398,3,10437
776.818,3,10195
777.239,3,10525
777.659,3,10501
778.079,3,10623
778.500,3,10583
778.920,3,10447
779.341,3,10481
779.761,3,10403
780.181,3,10299
780.602,3,10317
781.022,3,10450
781.442,3,10399
781.863,3,10368
782.283,3,10558
782.703,3,10445
783.123,3,10331
783.544,3,10201
783.964,3,10179
784.384,3,10294
784.805,3,10353
785.225,3,10354
785.645,3,10348
786.065,3,10303
786.486,3,10081
786.906,3,9983
787.326,3,10007
787.746,3,10018
788.167,3,10075
788.587,3,10312
789.007,3,10323
789.427,3,10262
789.848,3,10255
790.268,3,9920
790.688,3,9875
791.108,3,10020
791.528,3,9910
791.948,3,10013
792.369,3,10049
792.789,3,9989
793.209,3,10032
793.629,3,9805
794.049,3,9797
794.469,3,9616
794.890,3,9764
795.310,3,9916
795.730,3,9925
796.150,3,9998
796.570,3,9908
796.990,3,9836
797.410,3,9761
797.830,3,9710
798.250,3,9576
798.671,3,9640
799.091,3,9692
799.511,3,9656
799.931,3,9748
800.351,3,9806
800.771,3,9687
801.191,3,9694
801.611,3,9593
802.031,3,9576
802.451,3,9569
802.871,3,9608
803.291,3,9636
803.711,3,9675
804.131,3,9705
804.551,3,9622
804.971,3,9529
805.391,3,9440
805.811,3,9361
806.231,3,9472
806.651,3,9419
807.071,3,9514
807.491,3,9516
807.911,3,9582
808.331,3,9689
808.751,3,9430
809.171,3,9431
809.591,3,9316
810.011,3,9237
810.431,3,9253
810.851,3,9395
811.270,3,9487
811.690,3,9492
812.110,3,9470
812.530,3,9446
812.950,3,9395
813.370,3,9206
813.790,3,9234
814.210,3,9220
814.630,3,9311
815.049,3,9345
815.469,3,9463
815.889,3,9392
816.309,3,9502
816.729,3,9344
817.149,3,9318
817.568,3,9371
817.988,3,9186
818.408,3,9240
818.828,3,9212
819.248,3,9070
819.667,3,9055
820.087,3,9205
820.507,3,9363
820.927,3,9277
821.347,3,9317
821.766,3,9240
822.186,3,9352
822.606,3,9215
823.026,3,9249
823.445,3,9122
823.865,3,8998
824.285,3,9098
824.704,3,9150
825.124,3,9272
825.544,3,9146
825.964,3,9313
826.383,3,9330
826.803,3,9199
827.223,3,9143
827.642,3,9204
828.062,3,9105
828.482,3,9036
828.901,3,9107
829.321,3,9014
829.741,3,8887
830.160,3,9015
830.580,3,9084
831.000,3,8984
831.419,3,9107
831.839,3,9072
832.258,3,9084
832.678,3,8902
833.098,3,8923
833.517,3,8961
833.937,3,8947
834.356,3,9012
834.776,3,8985
835.196,3,8931
835.615,3,8948
836.035,3,9015
836.454,3,8981
836.874,3,8993
837.293,3,9040
837.713,3,9012
838.133,3,9028
838.552,3,9038
838.972,3,8931
839.391,3,8993
839.811,3,8849
840.230,3,8879
840.650,3,8898
841.069,3,8891
841.489,3,8976
841.908,3,8914
842.328,3,8948
842.747,3,8931
843.166,3,8883
843.586,3,8886
844.005,3,9055
844.425,3,9034
844.844,3,9109
845.264,3,8959
845.683,3,8924
846.103,3,9003
846.522,3,9068
846.941,3,9059
847.361,3,8988
847.780,3,9049
848.200,3,9211
848.619,3,9046
849.038,3,8990
849.458,3,9057
849.877,3,9163
850.296,3,9066
850.716,3,9104
851.135,3,9144
851.555,3,9136
851.974,3,9097
852.393,3,9087
852.813,3,9091
853.232,3,9158
853.651,3,9158
854.071,3,9202
854.490,3,9252
854.909,3,9230
855.328,3,9148
855.748,3,9276
856.167,3,9236
856.586,3,9148
857.006,3,9116
857.425,3,9269
857.844,3,9248
858.263,3,9241
858.683,3,9225
859.102,3,9203
859.521,3,9221
859.940,3,9223
860.360,3,9119
860.779,3,9161
861.198,3,9233
861.617,3,9157
862.036,3,9357
862.456,3,9239
862.875,3,9250
863.294,3,9277
863.713,3,9292
864.132,3,9161
864.551,3,9181
864.971,3,9206
865.390,3,9086
865.809,3,9194
866.228,3,9260
866.647,3,9161
867.066,3,9323
867.485,3,9274
867.905,3,9377
868.324,3,9304
868.743,3,9294
869.162,3,9365
869.581,3,9409
870.000,3,9411
870.419,3,9418
870.838,3,9430
871.257,3,9307
871.676,3,9406
872.095,3,9526
872.514,3,9558
872.934,3,9423
873.353,3,9394
873.772,3,9447
874.191,3,9383
874.610,3,9296
875.029,3,9365
875.448,3,9497
875.867,3,9353
876.286,3,9575
876.705,3,9575
877.124,3,9596
877.543,3,9655
877.962,3,9697
878.381,3,9734
878.800,3,9681
879.219,3,9655
879.638,3,9645
880.056,3,9686
880.475,3,9763
880.894,3,9612
881.313,3,9601
881.732,3,9538
882.151,3,9631
882.570,3,9651
882.989,3,9826
883.408,3,9764
883.827,3,9812
884.246,3,9951
884.665,3,9908
885.083,3,10026
885.502,3,9937
885.921,3,9866
886.340,3,9849
886.759,3,9782
887.178,3,9736
887.597,3,9751
888.015,3,9818
888.434,3,9930
888.853,3,9820
889.272,3,9899
889.691,3,9868
890.110,3,9921
890.528,3,9843
890.947,3,9898
891.366,3,9946
891.785,3,10120
892.203,3,10094
892.622,3,10104
893.041,3,10148
893.460,3,10145
893.879,3,10054
894.297,3,10085
894.716,3,10101
895.135,3,10076
895.553,3,10126
895.972,3,10074
896.391,3,10093
896.810,3,10096
897.228,3,10099
897.647,3,10249
898.066,3,10345
898.484,3,10265
898.903,3,10253
899.322,3,10300
899.741,3,10345
900.159,3,10139
900.578,3,10078
900.996,3,10142
901.415,3,10099
901.834,3,10198
902.252,3,10174
902.671,3,10179
903.090,3,10288
903.508,3,10439
903.927,3,10584
904.346,3,10505
904.764,3,10563
905.183,3,10479
905.601,3,10324
906.020,3,10157
906.438,3,10088
906.857,3,9932
907.276,3,9798
907.694,3,9947
908.113,3,9882
908.531,3,9999
908.950,3,10119
909.368,3,10299
909.787,3,10328
910.205,3,10499
910.624,3,10531
911.042,3,10436
911.461,3,10283
911.880,3,10153
912.298,3,10028
912.717,3,9868
913.135,3,9937
913.553,3,9712
913.972,3,9686
914.390,3,9782
914.809,3,9792
915.227,3,10026
915.646,3,10119
916.064,3,10400
916.483,3,10476
916.901,3,10626
917.320,3,10698
917.738,3,10640
918.156,3,10546
918.575,3,10389
918.993,3,10315
919.412,3,9935
919.830,3,9894
920.248,3,9826
920.667,3,9673
921.085,3,9751
921.503,3,9737
921.922,3,9849
922.340,3,10027
922.759,3,10232
923.177,3,10274
923.595,3,10349
924.014,3,10331
924.432,3,10408
924.850,3,10429
925.269,3,10299
925.687,3,10079
926.105,3,9944
926.523,3,9865
926.942,3,9663
927.360,3,9667
927.778,3,9448
928.197,3,9489
928.615,3,9455
929.033,3,9618
929.451,3,9683
929.870,3,9801
930.288,3,9824
930.706,3,9836
931.124,3,10210
931.543,3,10018
931.961,3,10137
932.379,3,10047
932.797,3,9840
933.215,3,9794
933.634,3,9803
934.052,3,9502
934.470,3,9357
934.888,3,9334
935.306,3,9353
935.725,3,9286
936.143,3,9427
936.561,3,9446
936.979,3,9408
937.397,3,9562
937.815,3,9441
938.233,3,9418
938.652,3,9351
939.070,3,9500
939.488,3,9384
939.906,3,9553
940.324,3,9512
940.742,3,9587
941.160,3,9705
941.578,3,9683
941.996,3,9702
942.415,3,9524
942.833,3,9480
943.251,3,9153
943.669,3,9059
944.087,3,8792
944.505,3,8779
944.923,3,8839
945.341,3,8802
945.759,3,8902
946.177,3,9023
946.595,3,9245
947.013,3,9579
947.431,3,9482
947.849,3,9492
948.267,3,9355
948.685,3,9187
949.103,3,8825
949.521,3,8612
949.939,3,8546
950.357,3,8378
950.775,3,8405
951.193,3,8405
951.611,3,8424
952.029,3,8585
952.447,3,8614
952.865,3,8822
953.282,3,8906
953.700,3,8920
954.118,3,8934
954.536,3,9105
954.954,3,9142
955.372,3,8909
955.790,3,8915
956.208,3,8572
956.626,3,8444
957.044,3,8194
957.461,3,7971
957.879,3,7920
958.297,3,7841
958.715,3,7760
959.133,3,7698
959.551,3,7876
959.968,3,7979
960.386,3,8317
960.804,3,8479
961.222,3,8847
961.640,3,9067
962.058,3,9086
962.475,3,9162
962.893,3,8864
963.311,3,8812
963.729,3,8412
964.146,3,8232
964.564,3,7998
964.982,3,7882
965.400,3,7628
965.817,3,7325
966.235,3,7196
966.653,3,7159
967.071,3,7034
967.488,3,7055
967.906,3,7127
968.324,3,7342
968.742,3,7438
969.159,3,7584
969.577,3,7597
969.995,3,7844
970.412,3,7983
970.830,3,8214
971.248,3,7955
971.665,3,7896
972.083,3,7974
972.501,3,7743
972.918,3,7555
973.336,3,7256
973.754,3,7031
974.171,3,6739
974.589,3,6606
975.006,3,6591
975.424,3,6442
975.842,3,6431
976.259,3,6384
976.677,3,6502
977.094,3,6552
977.512,3,6697
977.930,3,6927
978.347,3,7185
978.765,3,7319
979.182,3,7395
979.600,3,7442
980.017,3,7370
980.435,3,7295
980.853,3,7176
416.522,4,731
416.947,4,619
417.373,4,630
417.798,4,629
418.223,4,626
418.649,4,646
419.074,4,632
419.499,4,630
419.925,4,632
420.350,4,628
420.775,4,639
421.201,4,630
421.626,4,636
422.051,4,633
422.477,4,634
422.902,4,632
423.327,4,631
423.752,4,637
424.178,4,625
424.603,4,642
425.028,4,624
425.453,4,639
425.879,4,643
426.304,4,636
426.729,4,634
427.154,4,651
427.580,4,638
428.005,4,635
428.430,4,650
428.855,4,637
429.281,4,646
429.706,4,640
430.131,4,650
430.556,4,638
430.981,4,643
431.406,4,643
431.832,4,640
432.257,4,639
432.682,4,642
433.107,4,635
433.532,4,638
433.957,4,633
434.383,4,632
434.808,4,640
435.233,4,647
435.658,4,635
436.083,4,638
436.508,4,639
436.933,4,643
437.358,4,657
437.783,4,638
438.208,4,643
438.634,4,654
439.059,4,638
439.484,4,632
439.909,4,632
440.334,4,639
440.759,4,635
441.184,4,629
441.609,4,640
442.034,4,644
442.459,4,635
442.884,4,633
443.309,4,644
443.734,4,645
444.159,4,646
444.584,4,632
445.009,4,630
445.434,4,645
445.859,4,647
446.284,4,647
446.709,4,637
447.134,4,643
447.559,4,647
447.984,4,629
448.409,4,635
448.834,4,642
449.259,4,637
449.683,4,630
450.108,4,640
450.533,4,647
450.958,4,644
451.383,4,639
451.808,4,639
452.233,4,638
452.658,4,637
453.083,4,640
453.508,4,639
453.932,4,642
454.357,4,649
454.782,4,638
455.207,4,636
455.632,4,650
456.057,4,632
456.481,4,644
456.906,4,649
457.331,4,639
457.756,4,644
458.181,4,646
458.606,4,645
459.030,4,638
459.455,4,642
459.880,4,637
460.305,4,638
460.729,4,648
461.154,4,634
461.579,4,637
462.004,4,636
462.429,4,639
462.853,4,639
463.278,4,637
463.703,4,637
464.127,4,647
464.552,4,643
464.977,4,647
465.402,4,645
465.826,4,640
466.251,4,637
466.676,4,637
467.100,4,637
467.525,4,630
467.950,4,643
468.374,4,644
468.799,4,639
469.224,4,645
469.648,4,639
470.073,4,632
470.498,4,648
470.922,4,639
471.347,4,643
471.772,4,640
472.196,4,631
472.621,4,636
473.045,4,639
473.470,4,649
473.895,4,636
474.319,4,635
474.744,4,646
475.168,4,639
475.593,4,639
476.017,4,642
476.442,4,632
476.866,4,629
477.291,4,643
477.716,4,626
478.140,4,635
478.565,4,637
478.989,4,639
479.414,4,648
479.838,4,642
480.263,4,640
480.687,4,640
481.112,4,632
481.536,4,631
481.961,4,643
482.385,4,633
482.810,4,639
483.234,4,626
483.658,4,641
484.083,4,640
484.507,4,638
484.932,4,645
485.356,4,639
485.781,4,627
486.205,4,638
486.630,4,643
487.054,4,636
487.478,4,639
487.903,4,632
488.327,4,639
488.752,4,641
489.176,4,632
489.600,4,642
490.025,4,640
490.449,4,637
490.873,4,643
491.298,4,645
491.722,4,635
492.146,4,637
492.571,4,643
492.995,4,640
493.419,4,637
493.844,4,640
494.268,4,642
494.692,4,644
495.117,4,638
495.541,4,627
495.965,4,639
496.389,4,644
496.814,4,644
497.238,4,635
497.662,4,633
498.087,4,643
498.511,4,640
498.935,4,639
499.359,4,632
499.783,4,645
500.208,4,643
500.632,4,634
501.056,4,626
501.480,4,639
501.905,4,646
502.329,4,635
502.753,4,639
503.177,4,644
503.601,4,635
504.026,4,643
504.450,4,634
504.874,4,635
505.298,4,649
505.722,4,637
506.146,4,623
506.570,4,642
506.995,4,639
507.419,4,630
507.843,4,643
508.267,4,638
508.691,4,639
509.115,4,636
509.539,4,636
509.963,4,639
510.387,4,638
510.812,4,631
511.236,4,636
511.660,4,643
512.084,4,629
512.508,4,644
512.932,4,633
513.356,4,645
513.780,4,643
514.204,4,627
514.628,4,641
515.052,4,631
515.476,4,639
515.900,4,641
516.324,4,628
516.748,4,647
517.172,4,639
517.596,4,636
518.020,4,648
518.444,4,649
518.868,4,636
519.292,4,639
519.716,4,635
520.140,4,638
520.564,4,641
520.988,4,638
521.412,4,639
521.836,4,642
522.259,4,635
522.683,4,639
523.107,4,635
523.531,4,639
523.955,4,640
524.379,4,632
524.803,4,635
525.227,4,645
525.651,4,642
526.075,4,647
526.498,4,637
526.922,4,634
527.346,4,645
527.770,4,630
528.194,4,635
528.618,4,641
529.041,4,640
529.465,4,643
529.889,4,652
530.313,4,637
530.737,4,641
531.161,4,632
531.584,4,629
532.008,4,635
532.432,4,641
532.856,4,648
533.279,4,643
533.703,4,635
534.127,4,643
534.551,4,643
534.974,4,636
535.398,4,637
535.822,4,631
536.246,4,640
536.669,4,647
537.093,4,639
537.517,4,635
537.941,4,635
538.364,4,641
538.788,4,643
539.212,4,627
539.635,4,640
540.059,4,648
540.483,4,639
540.906,4,645
541.330,4,640
541.754,4,638
542.177,4,632
542.601,4,643
543.025,4,633
543.448,4,635
543.872,4,645
544.295,4,627
544.719,4,631
545.143,4,637
545.566,4,635
545.990,4,642
546.413,4,643
546.837,4,641
547.261,4,639
547.684,4,642
548.108,4,639
548.531,4,643
548.955,4,635
549.378,4,634
549.802,4,642
550.225,4,641
550.649,4,633
551.073,4,646
551.496,4,651
551.920,4,633
552.343,4,629
552.767,4,636
553.190,4,635
553.614,4,635
554.037,4,641
554.460,4,651
554.884,4,635
555.307,4,639
555.731,4,635
556.154,4,640
556.578,4,636
557.001,4,633
557.425,4,638
557.848,4,651
558.272,4,633
558.695,4,634
559.118,4,638
559.542,4,639
559.965,4,631
560.389,4,642
560.812,4,634
561.235,4,642
561.659,4,643
562.082,4,634
562.505,4,647
562.929,4,635
563.352,4,649
563.776,4,643
564.199,4,622
564.622,4,641
565.046,4,639
565.469,4,635
565.892,4,649
566.315,4,627
566.739,4,630
567.162,4,642
567.585,4,631
568.009,4,643
568.432,4,641
568.855,4,642
569.279,4,649
569.702,4,635
570.125,4,630
570.548,4,639
570.972,4,639
571.395,4,634
571.818,4,643
572.241,4,635
572.665,4,630
573.088,4,647
573.511,4,636
573.934,4,640
574.357,4,637
574.781,4,643
575.204,4,635
575.627,4,644
576.050,4,640
576.473,4,651
576.896,4,633
577.320,4,636
577.743,4,640
578.166,4,637
578.589,4,634
579.012,4,642
579.435,4,635
579.858,4,640
580.282,4,634
580.705,4,633
581.128,4,636
581.551,4,643
581.974,4,639
582.397,4,638
582.820,4,635
583.243,4,636
583.666,4,639
584.089,4,630
584.512,4,644
584.936,4,632
585.359,4,634
585.782,4,640
586.205,4,626
586.628,4,642
587.051,4,641
587.474,4,635
587.897,4,640
588.320,4,646
588.743,4,633
589.166,4,635
589.589,4,636
590.012,4,641
590.435,4,636
590.858,4,635
591.281,4,640
591.704,4,633
592.127,4,639
592.550,4,641
592.972,4,641
593.395,4,639
593.818,4,637
594.241,4,632
594.664,4,628
595.087,4,631
595.510,4,640
595.933,4,631
596.356,4,639
596.779,4,636
597.202,4,631
597.624,4,643
598.047,4,631
598.470,4,636
598.893,4,639
599.316,4,640
599.739,4,637
600.162,4,634
600.584,4,631
601.007,4,638
601.430,4,636
601.853,4,637
602.276,4,643
602.699,4,647
603.121,4,647
603.544,4,654
603.967,4,630
604.390,4,638
604.813,4,639
605.235,4,640
605.658,4,643
606.081,4,640
606.504,4,631
606.926,4,640
607.349,4,635
607.772,4,637
608.195,4,631
608.617,4,645
609.040,4,643
609.463,4,627
609.885,4,630
610.308,4,649
610.731,4,634
611.154,4,639
611.576,4,638
611.999,4,627
612.422,4,641
612.844,4,644
613.267,4,634
613.690,4,651
614.112,4,642
614.535,4,633
614.958,4,654
615.380,4,635
615.803,4,639
616.225,4,646
616.648,4,633
617.071,4,643
617.493,4,647
617.916,4,644
618.338,4,632
618.761,4,640
619.184,4,646
619.606,4,635
620.029,4,619
620.451,4,641
620.874,4,651
621.296,4,641
621.719,4,645
622.142,4,632
622.564,4,641
622.987,4,641
623.409,4,628
623.832,4,636
624.254,4,642
624.677,4,635
625.099,4,637
625.522,4,649
625.944,4,639
626.367,4,643
626.789,4,640
627.212,4,627
627.634,4,640
628.056,4,635
628.479,4,630
628.901,4,655
629.324,4,631
629.746,4,633
630.169,4,637
630.591,4,629
631.014,4,635
631.436,4,641
631.858,4,636
632.281,4,649
632.703,4,635
633.126,4,638
633.548,4,632
633.970,4,635
634.393,4,636
634.815,4,631
635.237,4,636
635.660,4,642
636.082,4,636
636.504,4,631
636.927,4,640
637.349,4,633
637.771,4,638
638.194,4,633
638.616,4,639
639.038,4,643
639.461,4,639
639.883,4,636
640.305,4,641
640.727,4,644
641.150,4,635
641.572,4,634
641.994,4,631
642.417,4,636
642.839,4,644
643.261,4,639
643.683,4,638
644.106,4,634
644.528,4,647
644.950,4,634
645.372,4,637
645.794,4,646
646.217,4,640
646.639,4,643
647.061,4,631
647.483,4,640
647.905,4,641
648.328,4,641
648.750,4,639
649.172,4,633
649.594,4,635
650.016,4,646
650.438,4,639
650.861,4,638
651.283,4,641
651.705,4,636
652.127,4,642
652.549,4,633
652.971,4,633
653.393,4,643
653.815,4,633
654.237,4,635
654.660,4,643
655.082,4,637
655.504,4,646
655.926,4,644
656.348,4,643
656.770,4,639
657.192,4,631
657.614,4,630
658.036,4,638
658.458,4,642
658.880,4,642
659.302,4,638
659.724,4,643
660.146,4,639
660.568,4,633
660.990,4,638
661.412,4,643
661.834,4,640
662.256,4,636
662.678,4,640
663.100,4,632
663.522,4,637
663.944,4,639
664.366,4,632
664.788,4,656
665.210,4,635
665.632,4,634
666.054,4,639
666.476,4,643
666.898,4,631
667.320,4,648
667.741,4,635
668.163,4,637
668.585,4,641
669.007,4,629
669.429,4,639
669.851,4,642
670.273,4,638
670.695,4,638
671.116,4,627
671.538,4,632
671.960,4,653
672.382,4,632
672.804,4,639
673.226,4,643
673.648,4,646
674.069,4,641
674.491,4,638
674.913,4,637
675.335,4,647
675.757,4,631
676.178,4,641
676.600,4,649
677.022,4,640
677.444,4,647
677.865,4,642
678.287,4,636
678.709,4,648
679.131,4,639
679.552,4,643
679.974,4,641
680.396,4,640
680.818,4,636
681.239,4,631
681.661,4,642
682.083,4,644
682.504,4,639
682.926,4,640
683.348,4,636
683.770,4,645
684.191,4,639
684.613,4,641
685.035,4,639
685.456,4,644
685.878,4,645
686.300,4,633
686.721,4,641
687.143,4,631
687.564,4,636
687.986,4,635
688.408,4,637
688.829,4,622
689.251,4,644
689.673,4,637
690.094,4,644
690.516,4,643
690.937,4,630
691.359,4,636
691.780,4,633
692.202,4,630
692.624,4,638
693.045,4,653
693.467,4,646
693.888,4,643
694.310,4,639
694.731,4,639
695.153,4,642
695.574,4,637
695.996,4,636
696.417,4,634
696.839,4,635
697.260,4,638
697.682,4,634
698.103,4,641
698.525,4,643
698.946,4,637
699.368,4,647
699.789,4,640
700.211,4,641
700.632,4,640
701.054,4,635
701.475,4,631
701.896,4,635
702.318,4,645
702.739,4,639
703.161,4,651
703.582,4,641
704.004,4,633
704.425,4,639
704.846,4,637
705.268,4,639
705.689,4,645
706.111,4,630
706.532,4,639
706.953,4,640
707.375,4,640
707.796,4,641
708.217,4,644
708.639,4,631
709.060,4,646
709.481,4,657
709.903,4,627
710.324,4,636
710.745,4,636
711.167,4,642
711.588,4,641
712.009,4,633
712.430,4,647
712.852,4,642
713.273,4,641
713.694,4,642
714.116,4,634
714.537,4,642
714.958,4,649
715.379,4,623
715.801,4,648
716.222,4,639
716.643,4,634
717.064,4,641
717.485,4,631
717.907,4,637
718.328,4,643
718.749,4,640
719.170,4,642
719.591,4,633
720.013,4,637
720.434,4,646
720.855,4,643
721.276,4,640
721.697,4,639
722.118,4,639
722.540,4,641
722.961,4,637
723.382,4,634
723.803,4,648
724.224,4,637
724.645,4,646
725.066,4,634
725.487,4,633
725.909,4,640
726.330,4,648
726.751,4,627
727.172,4,642
727.593,4,644
728.014,4,634
728.435,4,635
728.856,4,639
729.277,4,634
729.698,4,635
730.119,4,635
730.540,4,643
730.961,4,650
731.382,4,633
731.803,4,629
732.224,4,641
732.645,4,641
733.066,4,632
733.487,4,635
733.908,4,630
734.329,4,640
734.750,4,634
735.171,4,637
735.592,4,639
736.013,4,648
736.434,4,640
736.855,4,637
737.276,4,633
737.697,4,635
738.118,4,640
738.539,4,628
738.960,4,643
739.381,4,646
739.802,4,641
740.222,4,642
740.643,4,643
741.064,4,634
741.485,4,650
741.906,4,647
742.327,4,631
742.748,4,641
743.169,4,630
743.589,4,641
744.010,4,639
744.431,4,639
744.852,4,640
745.273,4,640
745.694,4,634
746.114,4,643
746.535,4,640
746.956,4,644
747.377,4,641
747.798,4,645
748.218,4,631
748.639,4,639
749.060,4,639
749.481,4,633
749.902,4,638
750.322,4,638
750.743,4,639
751.164,4,641
751.585,4,627
752.005,4,640
752.426,4,639
752.847,4,635
753.267,4,637
753.688,4,629
754.109,4,638
754.530,4,643
754.950,4,633
755.371,4,641
755.792,4,641
756.212,4,635
756.633,4,642
757.054,4,636
757.474,4,643
757.895,4,646
758.316,4,637
758.736,4,643
759.157,4,638
759.578,4,638
759.998,4,654
760.419,4,637
760.839,4,641
761.260,4,648
761.681,4,653
762.101,4,643
762.522,4,639
762.942,4,639
763.363,4,636
763.783,4,643
764.204,4,638
764.625,4,639
765.045,4,639
765.466,4,634
765.886,4,640
766.307,4,640
766.727,4,633
767.148,4,646
767.568,4,633
767.989,4,641
768.409,4,630
768.830,4,631
769.250,4,641
769.671,4,641
770.091,4,636
770.512,4,643
770.932,4,632
771.353,4,632
771.773,4,643
772.194,4,641
772.614,4,637
773.035,4,629
773.455,4,633
773.875,4,651
774.296,4,632
774.716,4,631
775.137,4,640
775.557,4,636
775.978,4,637
776.398,4,639
776.818,4,639
777.239,4,633
777.659,4,630
778.079,4,632
778.500,4,639
778.920,4,638
779.341,4,636
779.761,4,645
780.181,4,635
780.602,4,639
781.022,4,647
781.442,4,633
781.863,4,637
782.283,4,634
782.703,4,641
783.123,4,650
783.544,4,635
783.964,4,644
784.384,4,642
784.805,4,653
785.225,4,648
785.645,4,644
786.065,4,635
786.486,4,642
786.906,4,639
787.326,4,637
787.746,4,643
788.167,4,639
788.587,4,643
789.007,4,639
789.427,4,640
789.848,4,643
790.268,4,647
790.688,4,623
791.108,4,623
791.528,4,641
791.948,4,639
792.369,4,639
792.789,4,646
793.209,4,641
793.629,4,646
794.049,4,646
794.469,4,630
794.890,4,643
795.310,4,643
795.730,4,639
796.150,4,639
796.570,4,639
796.990,4,629
797.410,4,641
797.830,4,631
798.250,4,638
798.671,4,639
799.091,4,635
799.511,4,650
799.931,4,629
800.351,4,644
800.771,4,651
801.191,4,637
801.611,4,637
802.031,4,636
802.451,4,627
802.871,4,639
803.291,4,638
803.711,4,625
804.131,4,641
804.551,4,633
804.971,4,631
805.391,4,635
805.811,4,639
806.231,4,640
806.651,4,643
807.071,4,641
807.491,4,642
807.911,4,641
808.331,4,639
808.751,4,636
809.171,4,631
809.591,4,645
810.011,4,638
810.431,4,628
810.851,4,640
811.270,4,640
811.690,4,628
812.110,4,635
812.530,4,633
812.950,4,645
813.370,4,643
813.790,4,646
814.210,4,643
814.630,4,640
815.049,4,635
815.469,4,639
815.889,4,637
816.309,4,631
816.729,4,643
817.149,4,638
817.568,4,641
817.988,4,646
818.408,4,638
818.828,4,644
819.248,4,648
819.667,4,639
820.087,4,640
820.507,4,639
820.927,4,639
821.347,4,645
821.766,4,635
822.186,4,640
822.606,4,640
823.026,4,630
823.445,4,645
823.865,4,638
824.285,4,638
824.704,4,640
825.124,4,643
825.544,4,638
825.964,4,647
826.383,4,642
826.803,4,635
827.223,4,633
827.642,4,639
828.062,4,645
828.482,4,635
828.901,4,641
829.321,4,636
829.741,4,639
830.160,4,635
830.580,4,638
831.000,4,635
831.419,4,639
831.839,4,639
832.258,4,646
832.678,4,643
833.098,4,639
833.517,4,641
833.937,4,634
834.356,4,632
834.776,4,643
835.196,4,642
835.615,4,647
836.035,4,640
836.454,4,639
836.874,4,639
837.293,4,639
837.713,4,639
838.133,4,639
838.552,4,633
838.972,4,638
839.391,4,636
839.811,4,639
840.230,4,643
840.650,4,631
841.069,4,640
841.489,4,635
841.908,4,631
842.328,4,647
842.747,4,639
843.166,4,635
843.586,4,639
844.005,4,636
844.425,4,641
844.844,4,649
845.264,4,643
845.683,4,642
846.103,4,641
846.522,4,638
846.941,4,646
847.361,4,643
847.780,4,640
848.200,4,634
848.619,4,627
849.038,4,638
849.458,4,643
849.877,4,635
850.296,4,637
850.716,4,635
851.135,4,638
851.555,4,640
851.974,4,634
852.393,4,637
852.813,4,639
853.232,4,639
853.651,4,638
854.071,4,636
854.490,4,634
854.909,4,637
855.328,4,638
855.748,4,631
856.167,4,643
856.586,4,631
857.006,4,642
857.425,4,638
857.844,4,636
858.263,4,638
858.683,4,636
859.102,4,641
859.521,4,638
859.940,4,641
860.360,4,638
860.779,4,643
861.198,4,639
861.617,4,634
862.036,4,643
862.456,4,630
862.875,4,638
863.294,4,643
863.713,4,631
864.132,4,641
864.551,4,630
864.971,4,634
865.390,4,653
865.809,4,630
866.228,4,647
866.647,4,636
867.066,4,631
867.485,4,640
867.905,4,643
868.324,4,639
868.743,4,643
869.162,4,637
869.581,4,643
870.000,4,632
870.419,4,647
870.838,4,643
871.257,4,643
871.676,4,643
872.095,4,647
872.514,4,633
872.934,4,630
873.353,4,630
873.772,4,633
874.191,4,639
874.610,4,638
875.029,4,643
875.448,4,642
875.867,4,635
876.286,4,639
876.705,4,639
877.124,4,647
877.543,4,633
877.962,4,640
878.381,4,639
878.800,4,631
879.219,4,640
879.638,4,641
880.056,4,630
880.475,4,649
880.894,4,637
881.313,4,625
881.732,4,643
882.151,4,628
882.570,4,639
882.989,4,645
883.408,4,644
883.827,4,638
884.246,4,639
884.665,4,634
885.083,4,636
885.502,4,633
885.921,4,639
886.340,4,643
886.759,4,643
887.178,4,638
887.597,4,635
888.015,4,636
888.434,4,642
888.853,4,639
889.272,4,643
889.691,4,631
890.110,4,637
890.528,4,636
890.947,4,643
891.366,4,632
891.785,4,647
892.203,4,635
892.622,4,632
893.041,4,639
893.460,4,643
893.879,4,645
894.297,4,639
894.716,4,647
895.135,4,635
895.553,4,646
895.972,4,631
896.391,4,634
896.810,4,642
897.228,4,633
897.647,4,638
898.066,4,643
898.484,4,627
898.903,4,638
899.322,4,625
899.741,4,636
900.159,4,640
900.578,4,628
900.996,4,635
901.415,4,635
901.834,4,638
902.252,4,633
902.671,4,641
903.090,4,639
903.508,4,640
903.927,4,624
904.346,4,639
904.764,4,642
905.183,4,634
905.601,4,650
906.020,4,638
906.438,4,635
906.857,4,643
907.276,4,639
907.694,4,640
908.113,4,652
908.531,4,632
908.950,4,644
909.368,4,644
909.787,4,638
910.205,4,639
910.624,4,630
911.042,4,643
911.461,4,642
911.880,4,633
912.298,4,639
912.717,4,633
913.135,4,639
913.553,4,649
913.972,4,640
914.390,4,637
914.809,4,639
915.227,4,631
915.646,4,640
916.064,4,639
916.483,4,634
916.901,4,638
917.320,4,643
917.738,4,634
918.156,4,638
918.575,4,638
918.993,4,646
919.412,4,644
919.830,4,640
920.248,4,627
920.667,4,646
921.085,4,648
921.503,4,644
921.922,4,643
922.340,4,636
922.759,4,636
923.177,4,644
923.595,4,638
924.014,4,643
924.432,4,639
924.850,4,638
925.269,4,641
925.687,4,642
926.105,4,643
926.523,4,651
926.942,4,633
927.360,4,643
927.778,4,626
928.197,4,635
928.615,4,638
929.033,4,633
929.451,4,635
929.870,4,631
930.288,4,630
930.706,4,639
931.124,4,645
931.543,4,639
931.961,4,625
932.379,4,646
932.797,4,639
933.215,4,626
933.634,4,649
934.052,4,639
934.470,4,636
934.888,4,643
935.306,4,629
935.725,4,647
936.143,4,637
936.561,4,640
936.979,4,643
937.397,4,637
937.815,4,638
938.233,4,645
938.652,4,641
939.070,4,637
939.488,4,647
939.906,4,635
940.324,4,648
940.742,4,630
941.160,4,633
941.578,4,647
941.996,4,643
942.415,4,638
942.833,4,643
943.251,4,630
943.669,4,647
944.087,4,639
944.505,4,630
944.923,4,639
945.341,4,644
945.759,4,641
946.177,4,640
946.595,4,636
947.013,4,628
947.431,4,646
947.849,4,624
948.267,4,639
948.685,4,648
949.103,4,631
949.521,4,641
949.939,4,642
950.357,4,630
950.775,4,642
951.193,4,639
951.611,4,636
952.029,4,649
952.447,4,643
952.865,4,646
953.282,4,632
953.700,4,635
954.118,4,626
954.536,4,629
954.954,4,644
955.372,4,638
955.790,4,641
956.208,4,641
956.626,4,642
957.044,4,633
957.461,4,640
957.879,4,635
958.297,4,650
958.715,4,645
959.133,4,636
959.551,4,644
959.968,4,642
960.386,4,631
960.804,4,634
961.222,4,641
961.640,4,639
962.058,4,639
962.475,4,634
962.893,4,634
963.311,4,639
963.729,4,643
964.146,4,635
964.564,4,635
964.982,4,635
965.400,4,647
965.817,4,641
966.235,4,630
966.653,4,635
967.071,4,643
967.488,4,643
967.906,4,640
968.324,4,639
968.742,4,643
969.159,4,627
969.577,4,637
969.995,4,643
970.412,4,639
970.830,4,627
971.248,4,639
971.665,4,640
972.083,4,635
972.501,4,630
972.918,4,639
973.336,4,635
973.754,4,643
974.171,4,645
974.589,4,647
975.006,4,653
975.424,4,635
975.842,4,636
976.259,4,637
976.677,4,643
977.094,4,627
977.512,4,651
977.930,4,630
978.347,4,640
978.765,4,646
979.182,4,639
979.600,4,637
980.017,4,647
980.435,4,627
980.853,4,638
