432.895	1002
433.423	1001
433.95	1001
434.478	1004
435.006	1002
435.534	1004
436.062	1004
436.589	1001
437.117	999
437.645	1004
438.172	1000
438.7	1001
439.228	1002
439.756	1000
440.283	1002
440.811	1004
441.338	1003
441.866	1003
442.394	1002
442.921	1001
443.449	1000
443.976	1000
444.504	1002
445.031	1001
445.559	1000
446.086	1002
446.614	1002
447.141	1002
447.669	1001
448.196	1003
448.724	1002
449.251	1001
449.778	998
450.306	1002
450.833	1003
451.361	999
451.888	1002
452.415	1003
452.943	1001
453.47	1003
453.997	1002
454.524	998
455.052	1001
455.579	1000
456.106	1000
456.633	1002
457.16	997
457.688	1000
458.215	1000
458.742	1003
459.269	999
459.796	1003
460.323	1000
460.85	1004
461.377	1001
461.904	1000
462.431	1001
462.958	1000
463.485	998
464.012	1001
464.539	1000
465.066	1001
465.593	1000
466.12	1000
466.647	999
467.174	1000
467.701	999
468.228	1002
468.755	1004
469.282	1001
469.808	1002
470.335	1002
470.862	1004
471.389	1004
471.915	1000
472.442	1000
472.969	1003
473.496	999
474.022	1003
474.549	1004
475.076	1001
475.602	1000
476.129	1001
476.656	1002
477.182	1003
477.709	1001
478.235	999
478.762	1004
479.289	1002
479.815	1006
480.342	1003
480.868	1000
481.395	1001
481.921	1000
482.448	1000
482.974	999
483.5	1003
484.027	1003
484.553	1001
485.08	1000
485.606	1001
486.132	1001
486.659	997
487.185	1001
487.711	1002
488.238	1000
488.764	1001
489.29	1002
489.816	1001
490.343	1001
490.869	1004
491.395	1001
491.921	1000
492.447	1004
492.973	1000
493.5	999
494.026	1004
494.552	1004
495.078	1001
495.604	1000
496.13	999
496.656	1002
497.182	998
497.708	1003
498.234	1002
498.76	1002
499.286	998
499.812	1004
500.338	1003
500.864	1007
501.39	1007
501.916	1010
502.441	1003
502.967	1008
503.493	1014
504.019	1011
504.545	1006
505.071	1007
505.596	1010
506.122	1009
506.648	1011
507.174	1008
507.699	1003
508.225	1011
508.751	1011
509.276	1017
509.802	1008
510.328	1013
510.853	1006
511.379	1006
511.904	1008
512.43	1009
512.955	1012
513.481	1008
514.006	1010
514.532	1015
515.057	1016
515.583	1009
516.108	1015
516.634	1012
517.159	1018
517.685	1013
518.21	1018
518.735	1015
519.261	1012
519.786	1013
520.311	1019
520.837	1020
521.362	1021
521.887	1020
522.413	1021
522.938	1023
523.463	1025
523.988	1026
524.513	1027
525.039	1023
525.564	1027
526.089	1028
526.614	1026
527.139	1033
527.664	1043
528.189	1039
528.714	1044
529.24	1041
529.765	1048
530.29	1049
530.815	1042
531.34	1045
531.865	1041
532.389	1048
532.914	1046
533.439	1046
533.964	1051
534.489	1052
535.014	1057
535.539	1062
536.064	1051
536.588	1061
537.113	1052
537.638	1064
538.163	1069
538.688	1072
539.212	1067
539.737	1073
540.262	1077
540.786	1061
541.311	1064
541.836	1060
542.36	1070
542.885	1063
543.41	1071
543.934	1078
544.459	1080
544.983	1071
545.508	1074
546.032	1078
546.557	1077
547.081	1085
547.606	1076
548.13	1084
548.655	1082
549.179	1086
549.704	1076
550.228	1079
550.752	1078
551.277	1104
551.801	1077
552.325	1090
552.85	1100
553.374	1096
553.898	1095
554.423	1108
554.947	1103
555.471	1100
555.995	1107
556.519	1120
557.044	1119
557.568	1126
558.092	1139
558.616	1115
559.14	1121
559.664	1135
560.188	1133
560.712	1146
561.236	1168
561.76	1150
562.284	1147
562.808	1162
563.332	1153
563.856	1173
564.38	1179
564.904	1200
565.428	1194
565.952	1211
566.476	1211
567	1223
567.523	1218
568.047	1223
568.571	1240
569.095	1222
569.619	1259
570.142	1248
570.666	1256
571.19	1253
571.714	1275
572.237	1286
572.761	1275
573.285	1278
573.808	1294
574.332	1275
574.855	1289
575.379	1266
575.903	1312
576.426	1294
576.95	1308
577.473	1305
577.997	1278
578.52	1282
579.044	1293
579.567	1284
580.09	1280
580.614	1265
581.137	1290
581.661	1305
582.184	1268
582.707	1281
583.231	1261
583.754	1271
584.277	1236
584.8	1236
585.324	1245
585.847	1240
586.37	1228
586.893	1238
587.417	1239
587.94	1237
588.463	1244
588.986	1236
589.509	1257
590.032	1253
590.555	1260
591.078	1255
591.601	1253
592.124	1252
592.647	1231
593.17	1241
593.693	1246
594.216	1268
594.739	1268
595.262	1241
595.785	1265
596.308	1247
596.831	1267
597.354	1290
597.877	1279
598.399	1271
598.922	1294
599.445	1290
599.968	1264
600.49	1298
601.013	1301
601.536	1297
602.059	1301
602.581	1291
603.104	1302
603.627	1290
604.149	1332
604.672	1296
605.194	1303
605.717	1334
606.24	1338
606.762	1336
607.285	1328
607.807	1351
608.33	1350
608.852	1359
609.374	1357
609.897	1376
610.419	1400
610.942	1368
611.464	1419
611.986	1405
612.509	1429
613.031	1429
613.553	1414
614.076	1414
614.598	1414
615.12	1440
615.642	1448
616.165	1445
616.687	1484
617.209	1459
617.731	1466
618.253	1499
618.775	1474
619.297	1492
619.82	1504
620.342	1471
620.864	1498
621.386	1493
621.908	1472
622.43	1481
622.952	1472
623.474	1461
623.996	1466
624.518	1429
625.039	1496
625.561	1443
626.083	1425
626.605	1435
627.127	1414
627.649	1440
628.171	1401
628.692	1412
629.214	1394
629.736	1375
630.258	1391
630.779	1400
631.301	1386
631.823	1392
632.344	1382
632.866	1384
633.388	1343
633.909	1378
634.431	1371
634.952	1367
635.474	1358
635.995	1359
636.517	1353
637.038	1343
637.56	1344
638.081	1341
638.603	1354
639.124	1338
639.646	1347
640.167	1348
640.688	1332
641.21	1328
641.731	1359
642.252	1377
642.773	1367
643.295	1334
643.816	1367
644.337	1351
644.859	1356
645.38	1337
645.901	1366
646.422	1361
646.943	1345
647.464	1374
647.985	1360
648.506	1353
649.028	1346
649.549	1369
650.07	1383
650.591	1376
651.112	1409
651.633	1399
652.154	1392
652.674	1385
653.195	1388
653.716	1401
654.237	1399
654.758	1408
655.279	1429
655.8	1407
656.321	1403
656.841	1447
657.362	1426
657.883	1436
658.404	1444
658.924	1454
659.445	1460
659.966	1468
660.486	1471
661.007	1484
661.528	1489
662.048	1512
662.569	1538
663.089	1533
663.61	1524
664.13	1523
664.651	1541
665.171	1556
665.692	1547
666.212	1574
666.733	1580
667.253	1567
667.774	1582
668.294	1603
668.814	1597
669.335	1631
669.855	1604
670.375	1652
670.896	1628
671.416	1642
671.936	1630
672.456	1631
672.977	1650
673.497	1666
674.017	1674
674.537	1629
675.057	1649
675.577	1625
676.097	1638
676.617	1644
677.137	1636
677.657	1615
678.177	1650
678.698	1598
679.217	1627
679.737	1651
680.257	1627
680.777	1596
681.297	1590
681.817	1554
682.337	1575
682.857	1532
683.377	1575
683.896	1565
684.416	1568
684.936	1539
685.456	1520
685.975	1529
686.495	1531
687.015	1548
687.535	1526
688.054	1502
688.574	1481
689.093	1522
689.613	1514
690.133	1506
690.652	1511
691.172	1478
691.691	1514
692.211	1517
692.73	1500
693.25	1481
693.769	1485
694.289	1485
694.808	1456
695.327	1470
695.847	1452
696.366	1460
696.885	1484
697.405	1463
697.924	1485
698.443	1445
698.962	1445
699.482	1455
700.001	1441
700.52	1473
701.039	1490
701.558	1465
702.078	1464
702.597	1479
703.116	1456
703.635	1478
704.154	1453
704.673	1474
705.192	1497
705.711	1461
706.23	1480
706.749	1491
707.268	1489
707.787	1495
708.306	1458
708.824	1509
709.343	1487
709.862	1509
710.381	1497
710.9	1518
711.419	1508
711.937	1546
712.456	1506
712.975	1505
713.493	1519
714.012	1523
714.531	1531
715.049	1574
715.568	1549
716.087	1522
716.605	1565
717.124	1536
717.642	1545
718.161	1574
718.679	1590
719.198	1557
719.716	1588
720.235	1622
720.753	1585
721.272	1618
721.79	1613
722.308	1626
722.827	1649
723.345	1641
723.863	1643
724.382	1634
724.9	1648
725.418	1668
725.936	1665
726.455	1666
726.973	1683
727.491	1688
728.009	1686
728.527	1740
729.045	1739
729.563	1744
730.081	1718
730.599	1773
731.117	1766
731.635	1758
732.153	1772
732.671	1781
733.189	1744
733.707	1771
734.225	1772
734.743	1790
735.261	1791
735.779	1843
736.297	1845
736.814	1824
737.332	1808
737.85	1817
738.368	1828
738.885	1809
739.403	1829
739.921	1828
740.439	1806
740.956	1847
741.474	1819
741.991	1852
742.509	1813
743.027	1818
743.544	1792
744.062	1812
744.579	1781
745.097	1743
745.614	1809
746.131	1769
746.649	1763
747.166	1724
747.684	1730
748.201	1762
748.718	1735
749.236	1692
749.753	1715
750.27	1700
750.788	1697
751.305	1661
751.822	1695
752.339	1688
752.856	1674
753.374	1618
753.891	1659
754.408	1665
754.925	1657
755.442	1648
755.959	1633
756.476	1630
756.993	1620
757.51	1607
758.027	1615
758.544	1600
759.061	1589
759.578	1576
760.095	1581
760.612	1597
761.128	1587
761.645	1572
762.162	1570
762.679	1575
763.196	1564
763.712	1589
764.229	1569
764.746	1537
765.263	1541
765.779	1544
766.296	1542
766.812	1527
767.329	1554
767.846	1554
768.362	1553
768.879	1542
769.395	1533
769.912	1550
770.428	1537
770.945	1533
771.461	1494
771.978	1522
772.494	1509
773.01	1532
773.527	1514
774.043	1505
774.559	1515
775.076	1505
775.592	1537
776.108	1493
776.624	1531
777.141	1491
777.657	1521
778.173	1510
778.689	1514
779.205	1517
779.721	1526
780.237	1544
780.753	1520
781.27	1521
781.786	1506
782.302	1493
782.818	1514
783.333	1514
783.849	1500
784.365	1513
784.881	1524
785.397	1505
785.913	1520
786.429	1515
786.945	1532
787.46	1529
787.976	1537
788.492	1546
789.008	1517
789.523	1546
790.039	1517
790.555	1518
791.07	1542
791.586	1532
792.102	1507
792.617	1537
793.133	1539
793.648	1544
794.164	1535
794.679	1525
795.195	1516
795.71	1544
796.226	1524
796.741	1530
797.256	1539
797.772	1540
798.287	1552
798.802	1550
799.318	1569
799.833	1563
800.348	1588
800.864	1589
801.379	1558
801.894	1598
802.409	1613
802.924	1607
803.44	1584
803.955	1582
804.47	1613
804.985	1628
805.5	1609
806.015	1587
806.53	1605
807.045	1611
807.56	1617
808.075	1608
808.59	1601
809.105	1600
809.619	1599
810.134	1590
810.649	1624
811.164	1650
811.679	1605
812.194	1638
812.708	1598
813.223	1631
813.738	1628
814.252	1613
814.767	1660
815.282	1632
815.796	1620
816.311	1626
816.826	1617
817.34	1602
817.855	1625
818.369	1624
818.884	1602
819.398	1608
819.913	1625
820.427	1627
820.941	1614
821.456	1604
821.97	1611
822.484	1579
822.999	1595
823.513	1586
824.027	1590
824.542	1578
825.056	1610
825.57	1547
826.084	1538
826.598	1553
827.113	1547
827.627	1548
828.141	1526
828.655	1528
829.169	1544
829.683	1504
830.197	1517
830.711	1509
831.225	1505
831.739	1523
832.253	1512
832.767	1513
833.281	1498
833.795	1481
834.308	1492
834.822	1505
835.336	1494
835.85	1521
836.364	1486
836.877	1469
837.391	1480
837.905	1447
838.418	1469
838.932	1461
839.446	1474
839.959	1445
840.473	1456
840.986	1481
841.5	1456
842.013	1469
842.527	1452
843.04	1463
843.554	1472
844.067	1420
844.581	1466
845.094	1440
845.607	1443
846.121	1454
846.634	1428
847.147	1470
847.661	1449
848.174	1456
848.687	1415
849.2	1446
849.714	1428
850.227	1421
850.74	1415
851.253	1461
851.766	1424
852.279	1416
852.792	1436
853.305	1456
853.818	1456
854.331	1432
854.844	1441
855.357	1436
855.87	1448
856.383	1455
856.896	1456
857.409	1466
857.921	1446
858.434	1457
858.947	1467
859.46	1480
859.973	1457
860.485	1473
860.998	1432
861.511	1444
862.023	1454
862.536	1450
863.049	1460
863.561	1471
864.074	1460
864.586	1467
865.099	1453
865.611	1448
866.124	1451
866.636	1486
867.149	1448
867.661	1459
868.173	1461
868.686	1441
869.198	1468
869.71	1469
870.223	1463
870.735	1501
871.247	1482
871.759	1512
872.272	1509
872.784	1505
873.296	1450
873.808	1509
874.32	1516
874.832	1483
875.344	1503
875.856	1520
876.368	1531
876.88	1511
877.392	1519
877.904	1532
878.416	1499
878.928	1531
879.44	1513
879.952	1509
880.464	1532
880.976	1556
881.487	1504
881.999	1545
882.511	1538
883.023	1522
883.534	1515
884.046	1553
884.558	1532
885.069	1557
885.581	1528
886.093	1552
886.604	1553
887.116	1579
887.627	1560
888.139	1527
888.65	1541
889.162	1544
889.673	1539
890.185	1566
890.696	1562
891.207	1578
891.719	1567
892.23	1597
892.741	1599
893.253	1561
893.764	1578
894.275	1597
894.786	1601
895.297	1601
895.809	1591
896.32	1622
896.831	1620
897.342	1625
897.853	1594
898.364	1615
898.875	1594
899.386	1606
899.897	1620
900.408	1597
900.919	1651
901.43	1663
901.941	1621
902.451	1648
902.962	1677
903.473	1628
903.984	1620
904.495	1625
905.005	1624
905.516	1614
906.027	1598
906.538	1601
907.048	1593
907.559	1581
908.069	1538
908.58	1512
909.091	1392
909.601	1334
910.112	1222
910.622	1156
911.133	1109
911.643	1071
912.154	1052
912.664	1034
913.174	1030
913.685	1017
914.195	1016
914.705	1012
915.216	1016
915.726	1016
916.236	1018
916.746	1016
917.256	1012
917.767	1013
918.277	1013
918.787	1009
919.297	1010
919.807	1008
920.317	1011
920.827	1005
921.337	1008
921.847	1012
922.357	1007
922.867	1011
923.377	1010
923.887	1015
924.397	1010
924.906	1011
925.416	1008
925.926	1015
926.436	1011
926.946	1009
927.455	1008
927.965	1009
928.475	1007
928.984	1009
929.494	1009
930.004	1013
930.513	1010
931.023	1010
931.532	1009
932.042	1014
932.551	1008
933.061	1008
933.57	1010
934.08	1015
934.589	1008
935.098	1012
935.608	1011
936.117	1013
936.626	1004
937.136	1009
937.645	1016
938.154	1012
938.663	1011
939.173	1016
939.682	1016
940.191	1011
940.7	1014
941.209	1013
941.718	1010
942.227	1015
942.736	1021
943.245	1013
943.754	1016
944.263	1012
944.772	1015
945.281	1017
945.79	1020
946.299	1016
946.807	1010
947.316	1014
947.825	1014
948.334	1013
948.843	1021
949.351	1014
949.86	1018
950.369	1012
950.877	1022
951.386	1019
951.894	1036
952.403	1031
952.911	1037
953.42	1032
953.929	1031
954.437	1031
954.945	1026
955.454	1030
955.962	1028
956.471	1024
956.979	1022
957.487	1024
957.996	1020
958.504	1022
959.012	1026
959.52	1023
960.029	1017
960.537	1026
961.045	1030
961.553	1024
962.061	1023
962.569	1026
963.077	1024
963.585	1028
