432.895	1002
433.423	999
433.95	996
434.478	1002
435.006	1002
435.534	1000
436.062	1002
436.589	1000
437.117	998
437.645	1001
438.172	995
438.7	1003
439.228	1000
439.756	998
440.283	1001
440.811	1001
441.338	1001
441.866	999
442.394	999
442.921	999
443.449	1002
443.976	997
444.504	1000
445.031	995
445.559	1001
446.086	999
446.614	999
447.141	998
447.669	998
448.196	1000
448.724	1001
449.251	996
449.778	1000
450.306	1000
450.833	997
451.361	1000
451.888	1002
452.415	1000
452.943	998
453.47	1001
453.997	999
454.524	998
455.052	997
455.579	999
456.106	1001
456.633	1001
457.16	1004
457.688	1000
458.215	998
458.742	998
459.269	1000
459.796	1000
460.323	1001
460.85	1002
461.377	1001
461.904	1001
462.431	1000
462.958	999
463.485	1001
464.012	1000
464.539	997
465.066	998
465.593	1000
466.12	998
466.647	997
467.174	1002
467.701	1001
468.228	1002
468.755	1000
469.282	1000
469.808	998
470.335	998
470.862	997
471.389	1000
471.915	998
472.442	999
472.969	997
473.496	1003
474.022	998
474.549	998
475.076	999
475.602	1000
476.129	1003
476.656	1002
477.182	1000
477.709	1000
478.235	1003
478.762	997
479.289	999
479.815	997
480.342	999
480.868	1001
481.395	999
481.921	999
482.448	1000
482.974	1001
483.5	1004
484.027	1000
484.553	1000
485.08	999
485.606	999
486.132	1000
486.659	1004
487.185	1000
487.711	1000
488.238	1000
488.764	1003
489.29	1002
489.816	1000
490.343	1000
490.869	999
491.395	999
491.921	1001
492.447	999
492.973	999
493.5	1001
494.026	998
494.552	999
495.078	1001
495.604	1003
496.13	999
496.656	1003
497.182	1003
497.708	1002
498.234	1002
498.76	1002
499.286	1003
499.812	1006
500.338	1010
500.864	1013
501.39	1019
501.916	1025
502.441	1033
502.967	1034
503.493	1031
504.019	1032
504.545	1037
505.071	1032
505.596	1045
506.122	1035
506.648	1034
507.174	1042
507.699	1034
508.225	1040
508.751	1042
509.276	1055
509.802	1059
510.328	1059
510.853	1058
511.379	1065
511.904	1058
512.43	1044
512.955	1057
513.481	1059
514.006	1060
514.532	1061
515.057	1066
515.583	1073
516.108	1074
516.634	1087
517.159	1067
517.685	1079
518.21	1082
518.735	1075
519.261	1080
519.786	1091
520.311	1087
520.837	1103
521.362	1111
521.887	1114
522.413	1098
522.938	1098
523.463	1112
523.988	1120
524.513	1118
525.039	1108
525.564	1120
526.089	1115
526.614	1106
527.139	1118
527.664	1137
528.189	1151
528.714	1144
529.24	1132
529.765	1134
530.29	1150
530.815	1132
531.34	1162
531.865	1135
532.389	1125
532.914	1133
533.439	1137
533.964	1156
534.489	1151
535.014	1180
535.539	1163
536.064	1177
536.588	1181
537.113	1190
537.638	1207
538.163	1207
538.688	1215
539.212	1211
539.737	1217
540.262	1232
540.786	1225
541.311	1225
541.836	1221
542.36	1232
542.885	1240
543.41	1247
543.934	1244
544.459	1252
544.983	1254
545.508	1241
546.032	1266
546.557	1272
547.081	1277
547.606	1267
548.13	1248
548.655	1281
549.179	1269
549.704	1271
550.228	1314
550.752	1307
551.277	1315
551.801	1308
552.325	1320
552.85	1311
553.374	1323
553.898	1356
554.423	1333
554.947	1324
555.471	1342
555.995	1358
556.519	1351
557.044	1384
557.568	1358
558.092	1379
558.616	1388
559.14	1400
559.664	1407
560.188	1413
560.712	1383
561.236	1388
561.76	1414
562.284	1396
562.808	1410
563.332	1440
563.856	1430
564.38	1471
564.904	1450
565.428	1453
565.952	1453
566.476	1490
567	1494
567.523	1471
568.047	1483
568.571	1503
569.095	1508
569.619	1488
570.142	1486
570.666	1518
571.19	1487
571.714	1536
572.237	1519
572.761	1537
573.285	1565
573.808	1562
574.332	1571
574.855	1587
575.379	1560
575.903	1542
576.426	1561
576.95	1577
577.473	1611
577.997	1614
578.52	1605
579.044	1611
579.567	1648
580.09	1638
580.614	1640
581.137	1653
581.661	1679
582.184	1653
582.707	1687
583.231	1680
583.754	1686
584.277	1697
584.8	1692
585.324	1721
585.847	1736
586.37	1708
586.893	1711
587.417	1729
587.94	1760
588.463	1754
588.986	1798
589.509	1760
590.032	1763
590.555	1793
591.078	1762
591.601	1813
592.124	1761
592.647	1812
593.17	1838
593.693	1834
594.216	1844
594.739	1843
595.262	1828
595.785	1861
596.308	1924
596.831	1902
597.354	1923
597.877	1907
598.399	1914
598.922	1916
599.445	1905
599.968	1912
600.49	1961
601.013	1932
601.536	1968
602.059	1910
602.581	1983
603.104	1980
603.627	1999
604.149	1988
604.672	2021
605.194	2015
605.717	2030
606.24	2002
606.762	2048
607.285	1984
607.807	2004
608.33	2038
608.852	2050
609.374	2094
609.897	2043
610.419	2035
610.942	2083
611.464	2090
611.986	2093
612.509	2084
613.031	2143
613.553	2062
614.076	2131
614.598	2134
615.12	2133
615.642	2120
616.165	2141
616.687	2133
617.209	2137
617.731	2196
618.253	2178
618.775	2183
619.297	2213
619.82	2206
620.342	2240
620.864	2214
621.386	2266
621.908	2269
622.43	2254
622.952	2223
623.474	2269
623.996	2257
624.518	2249
625.039	2312
625.561	2307
626.083	2268
626.605	2364
627.127	2338
627.649	2385
628.171	2374
628.692	2383
629.214	2342
629.736	2407
630.258	2416
630.779	2441
631.301	2485
631.823	2459
632.344	2450
632.866	2455
633.388	2469
633.909	2470
634.431	2473
634.952	2502
635.474	2488
635.995	2503
636.517	2523
637.038	2508
637.56	2498
638.081	2579
638.603	2535
639.124	2504
639.646	2597
640.167	2607
640.688	2661
641.21	2636
641.731	2648
642.252	2688
642.773	2644
643.295	2632
643.816	2668
644.337	2755
644.859	2733
645.38	2669
645.901	2734
646.422	2735
646.943	2744
647.464	2788
647.985	2832
648.506	2850
649.028	2805
649.549	2778
650.07	2827
650.591	2822
651.112	2862
651.633	2893
652.154	2915
652.674	2943
653.195	2920
653.716	2979
654.237	2932
654.758	2953
655.279	2923
655.8	2977
656.321	2904
656.841	2964
657.362	2989
657.883	2995
658.404	3028
658.924	3006
659.445	3024
659.966	3026
660.486	3060
661.007	3069
661.528	3130
662.048	3073
662.569	3104
663.089	3096
663.61	3100
664.13	3085
664.651	3121
665.171	3117
665.692	3163
666.212	3120
666.733	3087
667.253	3129
667.774	3147
668.294	3185
668.814	3229
669.335	3155
669.855	3160
670.375	3207
670.896	3216
671.416	3258
671.936	3245
672.456	3242
672.977	3294
673.497	3243
674.017	3273
674.537	3335
675.057	3296
675.577	3315
676.097	3343
676.617	3343
677.137	3326
677.657	3285
678.177	3338
678.698	3333
679.217	3326
679.737	3406
680.257	3373
680.777	3435
681.297	3383
681.817	3413
682.337	3458
682.857	3397
683.377	3433
683.896	3444
684.416	3467
684.936	3469
685.456	3463
685.975	3494
686.495	3517
687.015	3480
687.535	3442
688.054	3459
688.574	3617
689.093	3571
689.613	3575
690.133	3605
690.652	3586
691.172	3651
691.691	3593
692.211	3742
692.73	3713
693.25	3743
693.769	3703
694.289	3746
694.808	3754
695.327	3784
695.847	3816
696.366	3720
696.885	3799
697.405	3749
697.924	3803
698.443	3810
698.962	3742
699.482	3840
700.001	3853
700.52	3795
701.039	3834
701.558	3834
702.078	3931
702.597	3863
703.116	3848
703.635	3925
704.154	3895
704.673	3866
705.192	3954
705.711	3958
706.23	3980
706.749	4023
707.268	4078
707.787	4011
708.306	4078
708.824	4035
709.343	4083
709.862	4106
710.381	4145
710.9	4131
711.419	4204
711.937	4170
712.456	4128
712.975	4194
713.493	4154
714.012	4162
714.531	4227
715.049	4236
715.568	4281
716.087	4271
716.605	4239
717.124	4299
717.642	4332
718.161	4325
718.679	4340
719.198	4325
719.716	4336
720.235	4336
720.753	4338
721.272	4313
721.79	4370
722.308	4357
722.827	4338
723.345	4407
723.863	4365
724.382	4321
724.9	4354
725.418	4410
725.936	4421
726.455	4393
726.973	4470
727.491	4437
728.009	4479
728.527	4474
729.045	4431
729.563	4455
730.081	4464
730.599	4450
731.117	4479
731.635	4493
732.153	4459
732.671	4504
733.189	4514
733.707	4413
734.225	4464
734.743	4486
735.261	4433
735.779	4579
736.297	4555
736.814	4509
737.332	4545
737.85	4553
738.368	4572
738.885	4621
739.403	4602
739.921	4594
740.439	4628
740.956	4595
741.474	4578
741.991	4590
742.509	4576
743.027	4688
743.544	4627
744.062	4614
744.579	4627
745.097	4674
745.614	4608
746.131	4621
746.649	4620
747.166	4637
747.684	4652
748.201	4620
748.718	4654
749.236	4682
749.753	4680
750.27	4683
750.788	4754
751.305	4797
751.822	4726
752.339	4744
752.856	4696
753.374	4652
753.891	4729
754.408	4704
754.925	4706
755.442	4688
755.959	4664
756.476	4735
756.993	4707
757.51	4659
758.027	4634
758.544	4691
759.061	4661
759.578	4718
760.095	4722
760.612	4738
761.128	4681
761.645	4676
762.162	4761
762.679	4689
763.196	4815
763.712	4810
764.229	4733
764.746	4721
765.263	4760
765.779	4711
766.296	4697
766.812	4675
767.329	4692
767.846	4675
768.362	4734
768.879	4727
769.395	4733
769.912	4715
770.428	4725
770.945	4785
771.461	4835
771.978	4672
772.494	4695
773.01	4735
773.527	4739
774.043	4793
774.559	4780
775.076	4666
775.592	4699
776.108	4723
776.624	4741
777.141	4688
777.657	4701
778.173	4640
778.689	4687
779.205	4678
779.721	4654
780.237	4679
780.753	4686
781.27	4648
781.786	4601
782.302	4607
782.818	4603
783.333	4645
783.849	4637
784.365	4585
784.881	4535
785.397	4658
785.913	4584
786.429	4658
786.945	4579
787.46	4604
787.976	4601
788.492	4567
789.008	4562
789.523	4597
790.039	4520
790.555	4559
791.07	4524
791.586	4502
792.102	4517
792.617	4419
793.133	4497
793.648	4482
794.164	4434
794.679	4439
795.195	4500
795.71	4384
796.226	4385
796.741	4427
797.256	4465
797.772	4408
798.287	4403
798.802	4326
799.318	4337
799.833	4313
800.348	4352
800.864	4390
801.379	4414
801.894	4388
802.409	4414
802.924	4392
803.44	4386
803.955	4319
804.47	4353
804.985	4318
805.5	4350
806.015	4314
806.53	4338
807.045	4368
807.56	4313
808.075	4265
808.59	4322
809.105	4316
809.619	4296
810.134	4248
810.649	4207
811.164	4262
811.679	4236
812.194	4232
812.708	4219
813.223	4250
813.738	4309
814.252	4215
814.767	4215
815.282	4239
815.796	4207
816.311	4246
816.826	4162
817.34	4175
817.855	4253
818.369	4220
818.884	4275
819.398	4216
819.913	4274
820.427	4221
820.941	4247
821.456	4254
821.97	4216
822.484	4250
822.999	4148
823.513	4163
824.027	4196
824.542	4261
825.056	4278
825.57	4218
826.084	4155
826.598	4169
827.113	4193
827.627	4148
828.141	4187
828.655	4225
829.169	4194
829.683	4180
830.197	4218
830.711	4232
831.225	4229
831.739	4232
832.253	4219
832.767	4260
833.281	4351
833.795	4197
834.308	4226
834.822	4249
835.336	4254
835.85	4221
836.364	4299
836.877	4199
837.391	4179
837.905	4207
838.418	4213
838.932	4216
839.446	4166
839.959	4208
840.473	4193
840.986	4155
841.5	4163
842.013	4254
842.527	4266
843.04	4247
843.554	4236
844.067	4261
844.581	4174
845.094	4259
845.607	4350
846.121	4284
846.634	4316
847.147	4343
847.661	4268
848.174	4255
848.687	4317
849.2	4297
849.714	4310
850.227	4271
850.74	4234
851.253	4178
851.766	4269
852.279	4266
852.792	4295
853.305	4292
853.818	4274
854.331	4300
854.844	4221
855.357	4248
855.87	4299
856.383	4279
856.896	4293
857.409	4372
857.921	4305
858.434	4304
858.947	4368
859.46	4317
859.973	4363
860.485	4344
860.998	4396
861.511	4394
862.023	4368
862.536	4332
863.049	4309
863.561	4358
864.074	4288
864.586	4343
865.099	4372
865.611	4404
866.124	4332
866.636	4307
867.149	4316
867.661	4345
868.173	4369
868.686	4357
869.198	4289
869.71	4303
870.223	4331
870.735	4300
871.247	4322
871.759	4339
872.272	4353
872.784	4342
873.296	4301
873.808	4317
874.32	4281
874.832	4319
875.344	4289
875.856	4326
876.368	4343
876.88	4400
877.392	4371
877.904	4332
878.416	4382
878.928	4360
879.44	4326
879.952	4290
880.464	4356
880.976	4355
881.487	4289
881.999	4307
882.511	4270
883.023	4289
883.534	4296
884.046	4260
884.558	4202
885.069	4329
885.581	4207
886.093	4214
886.604	4261
887.116	4326
887.627	4384
888.139	4376
888.65	4333
889.162	4285
889.673	4292
890.185	4369
890.696	4282
891.207	4316
891.719	4360
892.23	4295
892.741	4334
893.253	4298
893.764	4266
894.275	4277
894.786	4280
895.297	4226
895.809	4190
896.32	4182
896.831	4251
897.342	4260
897.853	4256
898.364	4195
898.875	4215
899.386	4193
899.897	4182
900.408	4238
900.919	4228
901.43	4228
901.941	4176
902.451	4138
902.962	4091
903.473	4076
903.984	4175
904.495	4187
905.005	4136
905.516	4101
906.027	4028
906.538	4028
907.048	4007
907.559	3953
908.069	3888
908.58	3672
909.091	3450
909.601	3028
910.112	2608
910.622	2158
911.133	1700
911.643	1458
912.154	1256
912.664	1155
913.174	1104
913.685	1066
914.195	1052
914.705	1040
915.216	1030
915.726	1026
916.236	1027
916.746	1020
917.256	1016
917.767	1016
918.277	1018
918.787	1017
919.297	1015
919.807	1014
920.317	1021
920.827	1011
921.337	1013
921.847	1011
922.357	1014
922.867	1012
923.377	1016
923.887	1010
924.397	1015
924.906	1011
925.416	1012
925.926	1009
926.436	1010
926.946	1011
927.455	1014
927.965	1014
928.475	1011
928.984	1012
929.494	1017
930.004	1010
930.513	1009
931.023	1011
931.532	1016
932.042	1007
932.551	1011
933.061	1011
933.57	1012
934.08	1011
934.589	1011
935.098	1013
935.608	1014
936.117	1020
936.626	1010
937.136	1017
937.645	1009
938.154	1012
938.663	1012
939.173	1011
939.682	1013
940.191	1009
940.7	1014
941.209	1009
941.718	1009
942.227	1016
942.736	1013
943.245	1015
943.754	1013
944.263	1008
944.772	1009
945.281	1010
945.79	1010
946.299	1007
946.807	1006
947.316	1008
947.825	1010
948.334	1009
948.843	1008
949.351	1009
949.86	1013
950.369	1016
950.877	1019
951.386	1018
951.894	1024
952.403	1025
952.911	1021
953.42	1021
953.929	1016
954.437	1023
954.945	1016
955.454	1015
955.962	1013
956.471	1009
956.979	1012
957.487	1011
957.996	1010
958.504	1009
959.012	1016
959.52	1019
960.029	1010
960.537	1014
961.045	1011
961.553	1012
962.061	1015
962.569	1016
963.077	1019
963.585	1014
