432.895	1002
433.423	1001
433.95	1001
434.478	1002
435.006	1000
435.534	1004
436.062	1003
436.589	1004
437.117	1002
437.645	1004
438.172	999
438.7	1004
439.228	1002
439.756	1006
440.283	1005
440.811	1002
441.338	1002
441.866	999
442.394	1003
442.921	1002
443.449	1002
443.976	1003
444.504	1002
445.031	1002
445.559	1004
446.086	1002
446.614	1004
447.141	1000
447.669	1001
448.196	1004
448.724	1003
449.251	1006
449.778	1003
450.306	1005
450.833	1001
451.361	1001
451.888	1004
452.415	998
452.943	1004
453.47	999
453.997	1002
454.524	1004
455.052	1002
455.579	1004
456.106	1004
456.633	1002
457.16	1003
457.688	1004
458.215	1002
458.742	1002
459.269	1001
459.796	1001
460.323	1003
460.85	1000
461.377	1003
461.904	1003
462.431	1005
462.958	1001
463.485	1007
464.012	1004
464.539	1005
465.066	1004
465.593	1000
466.12	1004
466.647	1006
467.174	1001
467.701	1002
468.228	1005
468.755	1000
469.282	1004
469.808	1004
470.335	1007
470.862	1003
471.389	1001
471.915	1001
472.442	1006
472.969	1003
473.496	1003
474.022	1006
474.549	1000
475.076	1000
475.602	1005
476.129	1004
476.656	1004
477.182	1000
477.709	1002
478.235	1002
478.762	1003
479.289	1003
479.815	1004
480.342	1002
480.868	1005
481.395	1002
481.921	1005
482.448	1007
482.974	1000
483.5	1000
484.027	1004
484.553	1001
485.08	1004
485.606	1000
486.132	1003
486.659	1007
487.185	1004
487.711	1003
488.238	999
488.764	1004
489.29	1003
489.816	1001
490.343	1000
490.869	1004
491.395	1005
491.921	1004
492.447	1002
492.973	1004
493.5	1006
494.026	1005
494.552	1004
495.078	1004
495.604	1006
496.13	1004
496.656	1006
497.182	1002
497.708	1011
498.234	1008
498.76	1011
499.286	1018
499.812	1036
500.338	1060
500.864	1090
501.39	1142
501.916	1161
502.441	1175
502.967	1195
503.493	1205
504.019	1227
504.545	1212
505.071	1228
505.596	1242
506.122	1279
506.648	1259
507.174	1275
507.699	1278
508.225	1317
508.751	1289
509.276	1350
509.802	1374
510.328	1361
510.853	1372
511.379	1382
511.904	1423
512.43	1448
512.955	1453
513.481	1491
514.006	1474
514.532	1517
515.057	1535
515.583	1565
516.108	1553
516.634	1561
517.159	1611
517.685	1626
518.21	1667
518.735	1665
519.261	1714
519.786	1731
520.311	1770
520.837	1754
521.362	1804
521.887	1816
522.413	1847
522.938	1893
523.463	1902
523.988	1959
524.513	1946
525.039	1979
525.564	2023
526.089	2050
526.614	2100
527.139	2135
527.664	2139
528.189	2177
528.714	2149
529.24	2216
529.765	2197
530.29	2225
530.815	2194
531.34	2199
531.865	2203
532.389	2213
532.914	2261
533.439	2259
533.964	2371
534.489	2412
535.014	2489
535.539	2561
536.064	2579
536.588	2692
537.113	2817
537.638	2824
538.163	2879
538.688	2901
539.212	2975
539.737	3012
540.262	3036
540.786	3088
541.311	3165
541.836	3268
542.36	3345
542.885	3333
543.41	3459
543.934	3537
544.459	3632
544.983	3587
545.508	3637
546.032	3689
546.557	3777
547.081	3811
547.606	3927
548.13	4048
548.655	4092
549.179	4156
549.704	4187
550.228	4317
550.752	4439
551.277	4516
551.801	4616
552.325	4701
552.85	4726
553.374	4826
553.898	4897
554.423	4948
554.947	5165
555.471	5252
555.995	5373
556.519	5423
557.044	5605
557.568	5774
558.092	5808
558.616	5907
559.14	6111
559.664	6141
560.188	6247
560.712	6283
561.236	6449
561.76	6456
562.284	6601
562.808	6679
563.332	6959
563.856	7049
564.38	7226
564.904	7385
565.428	7471
565.952	7588
566.476	7766
567	7796
567.523	7932
568.047	7978
568.571	8052
569.095	8327
569.619	8472
570.142	8654
570.666	8884
571.19	8899
571.714	9038
572.237	9145
572.761	9293
573.285	9389
573.808	9530
574.332	9653
574.855	9695
575.379	9867
575.903	9933
576.426	10003
576.95	10085
577.473	10226
577.997	10287
578.52	10485
579.044	10646
579.567	10865
580.09	10946
580.614	10975
581.137	11054
581.661	11214
582.184	11309
582.707	11442
583.231	11501
583.754	11462
584.277	11614
584.8	11675
585.324	11794
585.847	11740
586.37	11822
586.893	11907
587.417	12087
587.94	12156
588.463	12274
588.986	12378
589.509	12387
590.032	12439
590.555	12506
591.078	12597
591.601	12534
592.124	12586
592.647	12747
593.17	12540
593.693	12681
594.216	12720
594.739	12878
595.262	12820
595.785	12882
596.308	12988
596.831	12839
597.354	12906
597.877	12963
598.399	12904
598.922	12734
599.445	12827
599.968	12700
600.49	12503
601.013	12516
601.536	12616
602.059	12527
602.581	12540
603.104	12572
603.627	12457
604.149	12503
604.672	12422
605.194	12322
605.717	12232
606.24	12248
606.762	12232
607.285	12121
607.807	12237
608.33	12098
608.852	12079
609.374	11975
609.897	11937
610.419	11947
610.942	11887
611.464	11899
611.986	11857
612.509	11822
613.031	11802
613.553	11515
614.076	11518
614.598	11525
615.12	11442
615.642	11262
616.165	11202
616.687	11189
617.209	11230
617.731	11243
618.253	11181
618.775	11039
619.297	11009
619.82	10994
620.342	10991
620.864	11061
621.386	11035
621.908	10994
622.43	10863
622.952	10785
623.474	10760
623.996	10693
624.518	10570
625.039	10556
625.561	10402
626.083	10414
626.605	10314
627.127	10231
627.649	10187
628.171	10174
628.692	10272
629.214	10062
629.736	10134
630.258	9997
630.779	10000
631.301	9988
631.823	9765
632.344	9847
632.866	9881
633.388	9824
633.909	9746
634.431	9704
634.952	9768
635.474	9592
635.995	9632
636.517	9609
637.038	9624
637.56	9525
638.081	9559
638.603	9608
639.124	9454
639.646	9449
640.167	9445
640.688	9504
641.21	9511
641.731	9551
642.252	9449
642.773	9415
643.295	9451
643.816	9433
644.337	9349
644.859	9452
645.38	9273
645.901	9208
646.422	9272
646.943	9308
647.464	9264
647.985	9246
648.506	9190
649.028	9185
649.549	9134
650.07	9147
650.591	9062
651.112	8969
651.633	9068
652.154	9108
652.674	9103
653.195	9092
653.716	8951
654.237	8893
654.758	8979
655.279	8900
655.8	8845
656.321	8823
656.841	8735
657.362	8820
657.883	8803
658.404	8857
658.924	8955
659.445	8968
659.966	9022
660.486	8990
661.007	8941
661.528	8934
662.048	8800
662.569	8855
663.089	8919
663.61	8916
664.13	8817
664.651	8763
665.171	8847
665.692	8833
666.212	8764
666.733	8833
667.253	8649
667.774	8732
668.294	8740
668.814	8939
669.335	8840
669.855	8996
670.375	9021
670.896	8961
671.416	8994
671.936	9045
672.456	9049
672.977	9068
673.497	8982
674.017	8942
674.537	8976
675.057	8912
675.577	8777
676.097	8842
676.617	8890
677.137	8905
677.657	8975
678.177	8798
678.698	8812
679.217	8941
679.737	8933
680.257	9005
680.777	8892
681.297	8898
681.817	8890
682.337	8900
682.857	8986
683.377	8870
683.896	8910
684.416	8961
684.936	8915
685.456	8818
685.975	8989
686.495	9014
687.015	8877
687.535	8937
688.054	8999
688.574	8949
689.093	8951
689.613	9053
690.133	8981
690.652	9133
691.172	9118
691.691	9246
692.211	9286
692.73	9344
693.25	9383
693.769	9258
694.289	9289
694.808	9270
695.327	9444
695.847	9382
696.366	9266
696.885	9420
697.405	9352
697.924	9376
698.443	9524
698.962	9425
699.482	9459
700.001	9606
700.52	9651
701.039	9601
701.558	9646
702.078	9752
702.597	9587
703.116	9685
703.635	9775
704.154	9748
704.673	9693
705.192	9840
705.711	9944
706.23	10038
706.749	10024
707.268	9959
707.787	10041
708.306	10201
708.824	10161
709.343	10115
709.862	10158
710.381	10263
710.9	10286
711.419	10112
711.937	10172
712.456	10247
712.975	10261
713.493	10294
714.012	10293
714.531	10327
715.049	10351
715.568	10237
716.087	10419
716.605	10413
717.124	10426
717.642	10515
718.161	10576
718.679	10627
719.198	10443
719.716	10429
720.235	10457
720.753	10616
721.272	10402
721.79	10472
722.308	10474
722.827	10428
723.345	10455
723.863	10493
724.382	10526
724.9	10574
725.418	10481
725.936	10590
726.455	10513
726.973	10488
727.491	10421
728.009	10486
728.527	10517
729.045	10493
729.563	10383
730.081	10590
730.599	10372
731.117	10397
731.635	10565
732.153	10419
732.671	10412
733.189	10544
733.707	10469
734.225	10466
734.743	10492
735.261	10405
735.779	10464
736.297	10581
736.814	10504
737.332	10469
737.85	10544
738.368	10649
738.885	10696
739.403	10728
739.921	10605
740.439	10566
740.956	10629
741.474	10576
741.991	10593
742.509	10657
743.027	10588
743.544	10706
744.062	10549
744.579	10600
745.097	10538
745.614	10545
746.131	10654
746.649	10564
747.166	10529
747.684	10560
748.201	10699
748.718	10681
749.236	10720
749.753	10682
750.27	10738
750.788	10760
751.305	10844
751.822	10638
752.339	10755
752.856	10795
753.374	10684
753.891	10696
754.408	10611
754.925	10687
755.442	10702
755.959	10605
756.476	10624
756.993	10494
757.51	10466
758.027	10487
758.544	10386
759.061	10318
759.578	10432
760.095	10486
760.612	10322
761.128	10333
761.645	10404
762.162	10330
762.679	10416
763.196	10447
763.712	10237
764.229	10176
764.746	10314
765.263	10207
765.779	10169
766.296	10188
766.812	10278
767.329	10123
767.846	10064
768.362	10156
768.879	10155
769.395	10085
769.912	10069
770.428	10018
770.945	10019
771.461	10037
771.978	10083
772.494	10041
773.01	10012
773.527	10054
774.043	10015
774.559	9994
775.076	10070
775.592	9957
776.108	9901
776.624	9815
777.141	9750
777.657	9741
778.173	9671
778.689	9553
779.205	9482
779.721	9452
780.237	9541
780.753	9435
781.27	9406
781.786	9386
782.302	9360
782.818	9346
783.333	9337
783.849	9360
784.365	9281
784.881	9250
785.397	9190
785.913	9210
786.429	9215
786.945	9146
787.46	9096
787.976	9154
788.492	9136
789.008	9159
789.523	9225
790.039	9125
790.555	9231
791.07	9048
791.586	8937
792.102	8992
792.617	9005
793.133	8928
793.648	8874
794.164	8974
794.679	8899
795.195	8846
795.71	8837
796.226	8709
796.741	8672
797.256	8608
797.772	8670
798.287	8621
798.802	8610
799.318	8595
799.833	8592
800.348	8626
800.864	8553
801.379	8531
801.894	8462
802.409	8520
802.924	8592
803.44	8488
803.955	8521
804.47	8596
804.985	8467
805.5	8462
806.015	8456
806.53	8423
807.045	8489
807.56	8349
808.075	8255
808.59	8291
809.105	8249
809.619	8147
810.134	8161
810.649	8116
811.164	8090
811.679	7982
812.194	8016
812.708	7904
813.223	7867
813.738	7937
814.252	7980
814.767	7971
815.282	7860
815.796	7924
816.311	7858
816.826	7750
817.34	7799
817.855	7800
818.369	7835
818.884	7868
819.398	7851
819.913	7806
820.427	7738
820.941	7775
821.456	7761
821.97	7838
822.484	7781
822.999	7729
823.513	7714
824.027	7668
824.542	7703
825.056	7623
825.57	7619
826.084	7524
826.598	7621
827.113	7626
827.627	7505
828.141	7562
828.655	7535
829.169	7559
829.683	7523
830.197	7590
830.711	7602
831.225	7562
831.739	7570
832.253	7585
832.767	7611
833.281	7647
833.795	7528
834.308	7437
834.822	7569
835.336	7534
835.85	7483
836.364	7447
836.877	7522
837.391	7411
837.905	7447
838.418	7408
838.932	7337
839.446	7314
839.959	7248
840.473	7272
840.986	7399
841.5	7311
842.013	7337
842.527	7350
843.04	7399
843.554	7481
844.067	7419
844.581	7528
845.094	7384
845.607	7436
846.121	7535
846.634	7401
847.147	7475
847.661	7434
848.174	7471
848.687	7354
849.2	7406
849.714	7248
850.227	7401
850.74	7430
851.253	7428
851.766	7393
852.279	7369
852.792	7340
853.305	7425
853.818	7388
854.331	7482
854.844	7397
855.357	7345
855.87	7315
856.383	7388
856.896	7256
857.409	7391
857.921	7302
858.434	7436
858.947	7415
859.46	7363
859.973	7413
860.485	7568
860.998	7533
861.511	7489
862.023	7421
862.536	7526
863.049	7460
863.561	7503
864.074	7458
864.586	7382
865.099	7442
865.611	7373
866.124	7377
866.636	7400
867.149	7245
867.661	7292
868.173	7363
868.686	7301
869.198	7219
869.71	7241
870.223	7289
870.735	7337
871.247	7435
871.759	7330
872.272	7287
872.784	7351
873.296	7413
873.808	7358
874.32	7413
874.832	7511
875.344	7411
875.856	7437
876.368	7409
876.88	7458
877.392	7319
877.904	7254
878.416	7242
878.928	7309
879.44	7210
879.952	7131
880.464	7089
880.976	7145
881.487	7195
881.999	7139
882.511	7047
883.023	6985
883.534	7094
884.046	7068
884.558	7154
885.069	7109
885.581	7215
886.093	7192
886.604	7113
887.116	7047
887.627	6956
888.139	6993
888.65	6957
889.162	7052
889.673	7070
890.185	6990
890.696	6919
891.207	7012
891.719	6948
892.23	6958
892.741	6848
893.253	6950
893.764	6795
894.275	6782
894.786	6856
895.297	6812
895.809	6795
896.32	6761
896.831	6789
897.342	6769
897.853	6735
898.364	6741
898.875	6746
899.386	6749
899.897	6791
900.408	6700
900.919	6662
901.43	6758
901.941	6693
902.451	6587
902.962	6716
903.473	6600
903.984	6529
904.495	6507
905.005	6632
905.516	6495
906.027	6461
906.538	6354
907.048	6330
907.559	6218
908.069	6019
908.58	5650
909.091	5218
909.601	4508
910.112	3696
910.622	2826
911.133	2189
911.643	1726
912.154	1411
912.664	1253
913.174	1177
913.685	1105
914.195	1085
914.705	1078
915.216	1055
915.726	1053
916.236	1041
916.746	1047
917.256	1034
917.767	1030
918.277	1030
918.787	1032
919.297	1031
919.807	1028
920.317	1024
920.827	1025
921.337	1019
921.847	1018
922.357	1022
922.867	1024
923.377	1024
923.887	1021
924.397	1024
924.906	1026
925.416	1022
925.926	1019
926.436	1022
926.946	1024
927.455	1022
927.965	1023
928.475	1024
928.984	1019
929.494	1020
930.004	1022
930.513	1019
931.023	1022
931.532	1019
932.042	1019
932.551	1022
933.061	1021
933.57	1020
934.08	1018
934.589	1017
935.098	1018
935.608	1022
936.117	1015
936.626	1018
937.136	1020
937.645	1019
938.154	1015
938.663	1022
939.173	1015
939.682	1018
940.191	1015
940.7	1008
941.209	1009
941.718	1012
942.227	1016
942.736	1020
943.245	1015
943.754	1013
944.263	1012
944.772	1017
945.281	1014
945.79	1015
946.299	1014
946.807	1015
947.316	1019
947.825	1015
948.334	1015
948.843	1009
949.351	1017
949.86	1012
950.369	1017
950.877	1027
951.386	1025
951.894	1025
952.403	1028
952.911	1024
953.42	1028
953.929	1033
954.437	1025
954.945	1017
955.454	1020
955.962	1022
956.471	1020
956.979	1019
957.487	1012
957.996	1015
958.504	1008
959.012	1024
959.52	1020
960.029	1020
960.537	1016
961.045	1015
961.553	1016
962.061	1026
962.569	1016
963.077	1020
963.585	1024
