432.895	1000
433.423	1004
433.95	1002
434.478	1002
435.006	1001
435.534	1004
436.062	1002
436.589	1000
437.117	1000
437.645	1002
438.172	1005
438.7	1005
439.228	998
439.756	1004
440.283	1002
440.811	999
441.338	1002
441.866	1002
442.394	1003
442.921	1002
443.449	1001
443.976	1003
444.504	998
445.031	1002
445.559	999
446.086	1004
446.614	1000
447.141	1002
447.669	1002
448.196	1002
448.724	1000
449.251	1001
449.778	1002
450.306	1001
450.833	1000
451.361	1002
451.888	1001
452.415	1003
452.943	1001
453.47	1001
453.997	1000
454.524	1003
455.052	1001
455.579	1000
456.106	1002
456.633	1000
457.16	1001
457.688	1003
458.215	1001
458.742	1001
459.269	999
459.796	1000
460.323	1001
460.85	1001
461.377	1001
461.904	1003
462.431	1001
462.958	999
463.485	998
464.012	1002
464.539	1003
465.066	1004
465.593	1001
466.12	1003
466.647	1002
467.174	999
467.701	1003
468.228	1001
468.755	1003
469.282	1003
469.808	1000
470.335	1005
470.862	1001
471.389	999
471.915	1001
472.442	1002
472.969	1004
473.496	1001
474.022	1002
474.549	1003
475.076	1002
475.602	1001
476.129	1001
476.656	1002
477.182	999
477.709	1001
478.235	1001
478.762	1002
479.289	1002
479.815	1004
480.342	1000
480.868	1003
481.395	1003
481.921	1002
482.448	1001
482.974	1003
483.5	999
484.027	1005
484.553	1002
485.08	1001
485.606	1002
486.132	1002
486.659	1002
487.185	1000
487.711	999
488.238	1001
488.764	1001
489.29	1000
489.816	1002
490.343	1003
490.869	999
491.395	1003
491.921	1002
492.447	999
492.973	1001
493.5	999
494.026	1000
494.552	1000
495.078	1003
495.604	1004
496.13	998
496.656	1001
497.182	1002
497.708	1002
498.234	1004
498.76	1002
499.286	1003
499.812	1001
500.338	1004
500.864	1005
501.39	1009
501.916	1006
502.441	1012
502.967	1009
503.493	1007
504.019	1011
504.545	1013
505.071	1014
505.596	1007
506.122	1013
506.648	1010
507.174	1008
507.699	1010
508.225	1013
508.751	1007
509.276	1012
509.802	1009
510.328	1012
510.853	1019
511.379	1011
511.904	1015
512.43	1014
512.955	1008
513.481	1013
514.006	1014
514.532	1017
515.057	1010
515.583	1013
516.108	1013
516.634	1021
517.159	1018
517.685	1024
518.21	1017
518.735	1019
519.261	1020
519.786	1031
520.311	1021
520.837	1027
521.362	1030
521.887	1041
522.413	1030
522.938	1040
523.463	1046
523.988	1048
524.513	1047
525.039	1043
525.564	1051
526.089	1049
526.614	1058
527.139	1060
527.664	1068
528.189	1082
528.714	1087
529.24	1085
529.765	1085
530.29	1097
530.815	1082
531.34	1091
531.865	1087
532.389	1094
532.914	1111
533.439	1092
533.964	1113
534.489	1130
535.014	1126
535.539	1162
536.064	1150
536.588	1142
537.113	1149
537.638	1146
538.163	1153
538.688	1153
539.212	1151
539.737	1151
540.262	1161
540.786	1159
541.311	1160
541.836	1164
542.36	1166
542.885	1164
543.41	1158
543.934	1171
544.459	1154
544.983	1176
545.508	1161
546.032	1174
546.557	1163
547.081	1163
547.606	1179
548.13	1178
548.655	1170
549.179	1164
549.704	1182
550.228	1180
550.752	1170
551.277	1203
551.801	1176
552.325	1191
552.85	1194
553.374	1200
553.898	1187
554.423	1212
554.947	1223
555.471	1197
555.995	1203
556.519	1221
557.044	1205
557.568	1211
558.092	1221
558.616	1218
559.14	1231
559.664	1226
560.188	1240
560.712	1249
561.236	1243
561.76	1249
562.284	1254
562.808	1263
563.332	1282
563.856	1275
564.38	1272
564.904	1294
565.428	1290
565.952	1305
566.476	1322
567	1317
567.523	1332
568.047	1348
568.571	1342
569.095	1345
569.619	1356
570.142	1341
570.666	1351
571.19	1349
571.714	1394
572.237	1353
572.761	1360
573.285	1379
573.808	1364
574.332	1369
574.855	1362
575.379	1374
575.903	1357
576.426	1373
576.95	1349
577.473	1346
577.997	1329
578.52	1334
579.044	1320
579.567	1312
580.09	1308
580.614	1295
581.137	1291
581.661	1289
582.184	1280
582.707	1287
583.231	1260
583.754	1272
584.277	1275
584.8	1261
585.324	1218
585.847	1240
586.37	1238
586.893	1209
587.417	1201
587.94	1197
588.463	1201
588.986	1208
589.509	1232
590.032	1219
590.555	1212
591.078	1217
591.601	1227
592.124	1212
592.647	1224
593.17	1208
593.693	1207
594.216	1221
594.739	1211
595.262	1204
595.785	1219
596.308	1196
596.831	1207
597.354	1194
597.877	1197
598.399	1179
598.922	1204
599.445	1183
599.968	1198
600.49	1194
601.013	1194
601.536	1209
602.059	1178
602.581	1199
603.104	1213
603.627	1204
604.149	1225
604.672	1205
605.194	1205
605.717	1205
606.24	1198
606.762	1202
607.285	1209
607.807	1195
608.33	1219
608.852	1202
609.374	1205
609.897	1210
610.419	1214
610.942	1205
611.464	1206
611.986	1211
612.509	1231
613.031	1215
613.553	1235
614.076	1232
614.598	1226
615.12	1222
615.642	1216
616.165	1224
616.687	1225
617.209	1234
617.731	1229
618.253	1231
618.775	1237
619.297	1226
619.82	1243
620.342	1253
620.864	1239
621.386	1237
621.908	1238
622.43	1211
622.952	1228
623.474	1229
623.996	1212
624.518	1224
625.039	1208
625.561	1199
626.083	1208
626.605	1202
627.127	1198
627.649	1187
628.171	1200
628.692	1194
629.214	1183
629.736	1172
630.258	1186
630.779	1183
631.301	1177
631.823	1174
632.344	1175
632.866	1177
633.388	1168
633.909	1155
634.431	1158
634.952	1167
635.474	1157
635.995	1153
636.517	1150
637.038	1150
637.56	1153
638.081	1166
638.603	1157
639.124	1160
639.646	1147
640.167	1156
640.688	1151
641.21	1152
641.731	1174
642.252	1153
642.773	1164
643.295	1157
643.816	1154
644.337	1155
644.859	1149
645.38	1146
645.901	1153
646.422	1175
646.943	1166
647.464	1161
647.985	1160
648.506	1170
649.028	1163
649.549	1171
650.07	1160
650.591	1167
651.112	1167
651.633	1188
652.154	1178
652.674	1162
653.195	1180
653.716	1180
654.237	1169
654.758	1181
655.279	1189
655.8	1193
656.321	1182
656.841	1176
657.362	1190
657.883	1191
658.404	1200
658.924	1200
659.445	1212
659.966	1197
660.486	1203
661.007	1212
661.528	1210
662.048	1242
662.569	1229
663.089	1232
663.61	1244
664.13	1229
664.651	1249
665.171	1253
665.692	1256
666.212	1268
666.733	1265
667.253	1280
667.774	1258
668.294	1271
668.814	1283
669.335	1299
669.855	1293
670.375	1292
670.896	1304
671.416	1299
671.936	1323
672.456	1299
672.977	1304
673.497	1297
674.017	1307
674.537	1311
675.057	1286
675.577	1308
676.097	1304
676.617	1301
677.137	1310
677.657	1312
678.177	1303
678.698	1319
679.217	1288
679.737	1287
680.257	1304
680.777	1290
681.297	1295
681.817	1307
682.337	1298
682.857	1267
683.377	1276
683.896	1283
684.416	1257
684.936	1271
685.456	1287
685.975	1259
686.495	1257
687.015	1250
687.535	1249
688.054	1247
688.574	1239
689.093	1256
689.613	1260
690.133	1241
690.652	1242
691.172	1243
691.691	1233
692.211	1251
692.73	1244
693.25	1245
693.769	1255
694.289	1243
694.808	1254
695.327	1238
695.847	1242
696.366	1235
696.885	1242
697.405	1226
697.924	1236
698.443	1227
698.962	1230
699.482	1228
700.001	1253
700.52	1238
701.039	1237
701.558	1231
702.078	1252
702.597	1257
703.116	1241
703.635	1240
704.154	1252
704.673	1251
705.192	1232
705.711	1236
706.23	1251
706.749	1251
707.268	1252
707.787	1236
708.306	1247
708.824	1258
709.343	1262
709.862	1254
710.381	1282
710.9	1245
711.419	1283
711.937	1263
712.456	1267
712.975	1274
713.493	1288
714.012	1284
714.531	1263
715.049	1272
715.568	1287
716.087	1286
716.605	1299
717.124	1302
717.642	1302
718.161	1322
718.679	1317
719.198	1316
719.716	1305
720.235	1323
720.753	1320
721.272	1319
721.79	1325
722.308	1327
722.827	1361
723.345	1358
723.863	1333
724.382	1335
724.9	1358
725.418	1362
725.936	1373
726.455	1370
726.973	1386
727.491	1364
728.009	1368
728.527	1392
729.045	1387
729.563	1420
730.081	1397
730.599	1393
731.117	1398
731.635	1411
732.153	1370
732.671	1408
733.189	1415
733.707	1437
734.225	1434
734.743	1442
735.261	1440
735.779	1449
736.297	1476
736.814	1463
737.332	1416
737.85	1465
738.368	1471
738.885	1504
739.403	1478
739.921	1451
740.439	1455
740.956	1462
741.474	1455
741.991	1458
742.509	1470
743.027	1454
743.544	1454
744.062	1446
744.579	1431
745.097	1434
745.614	1415
746.131	1423
746.649	1427
747.166	1414
747.684	1403
748.201	1407
748.718	1412
749.236	1414
749.753	1384
750.27	1391
750.788	1365
751.305	1383
751.822	1366
752.339	1365
752.856	1397
753.374	1391
753.891	1372
754.408	1384
754.925	1377
755.442	1364
755.959	1357
756.476	1348
756.993	1348
757.51	1333
758.027	1316
758.544	1314
759.061	1316
759.578	1341
760.095	1315
760.612	1345
761.128	1315
761.645	1331
762.162	1305
762.679	1294
763.196	1292
763.712	1317
764.229	1305
764.746	1329
765.263	1310
765.779	1310
766.296	1317
766.812	1306
767.329	1309
767.846	1288
768.362	1304
768.879	1298
769.395	1289
769.912	1306
770.428	1277
770.945	1308
771.461	1308
771.978	1301
772.494	1305
773.01	1297
773.527	1291
774.043	1293
774.559	1284
775.076	1280
775.592	1313
776.108	1314
776.624	1280
777.141	1294
777.657	1279
778.173	1300
778.689	1286
779.205	1297
779.721	1288
780.237	1284
780.753	1309
781.27	1285
781.786	1303
782.302	1270
782.818	1284
783.333	1286
783.849	1313
784.365	1306
784.881	1288
785.397	1282
785.913	1302
786.429	1289
786.945	1283
787.46	1300
787.976	1301
788.492	1297
789.008	1305
789.523	1297
790.039	1293
790.555	1297
791.07	1307
791.586	1305
792.102	1267
792.617	1309
793.133	1299
793.648	1279
794.164	1320
794.679	1311
795.195	1296
795.71	1304
796.226	1302
796.741	1305
797.256	1319
797.772	1329
798.287	1310
798.802	1318
799.318	1333
799.833	1321
800.348	1312
800.864	1313
801.379	1338
801.894	1335
802.409	1330
802.924	1323
803.44	1315
803.955	1351
804.47	1325
804.985	1361
805.5	1337
806.015	1348
806.53	1346
807.045	1352
807.56	1346
808.075	1339
808.59	1359
809.105	1341
809.619	1339
810.134	1372
810.649	1350
811.164	1336
811.679	1362
812.194	1344
812.708	1320
813.223	1362
813.738	1346
814.252	1363
814.767	1342
815.282	1368
815.796	1381
816.311	1346
816.826	1340
817.34	1342
817.855	1354
818.369	1337
818.884	1322
819.398	1339
819.913	1333
820.427	1346
820.941	1350
821.456	1361
821.97	1335
822.484	1363
822.999	1345
823.513	1323
824.027	1343
824.542	1335
825.056	1341
825.57	1316
826.084	1301
826.598	1326
827.113	1312
827.627	1306
828.141	1309
828.655	1290
829.169	1290
829.683	1311
830.197	1325
830.711	1285
831.225	1298
831.739	1310
832.253	1297
832.767	1279
833.281	1284
833.795	1251
834.308	1267
834.822	1297
835.336	1284
835.85	1269
836.364	1272
836.877	1271
837.391	1264
837.905	1279
838.418	1271
838.932	1284
839.446	1267
839.959	1260
840.473	1265
840.986	1248
841.5	1233
842.013	1261
842.527	1260
843.04	1252
843.554	1260
844.067	1259
844.581	1255
845.094	1256
845.607	1286
846.121	1250
846.634	1259
847.147	1278
847.661	1237
848.174	1256
848.687	1238
849.2	1266
849.714	1253
850.227	1238
850.74	1248
851.253	1238
851.766	1232
852.279	1248
852.792	1258
853.305	1235
853.818	1231
854.331	1256
854.844	1240
855.357	1251
855.87	1255
856.383	1257
856.896	1251
857.409	1256
857.921	1260
858.434	1241
858.947	1226
859.46	1236
859.973	1260
860.485	1243
860.998	1253
861.511	1245
862.023	1250
862.536	1275
863.049	1248
863.561	1271
864.074	1248
864.586	1245
865.099	1253
865.611	1255
866.124	1260
866.636	1274
867.149	1263
867.661	1263
868.173	1265
868.686	1258
869.198	1281
869.71	1255
870.223	1262
870.735	1259
871.247	1260
871.759	1274
872.272	1271
872.784	1271
873.296	1266
873.808	1265
874.32	1274
874.832	1290
875.344	1294
875.856	1267
876.368	1270
876.88	1282
877.392	1277
877.904	1287
878.416	1279
878.928	1291
879.44	1274
879.952	1268
880.464	1280
880.976	1288
881.487	1278
881.999	1283
882.511	1288
883.023	1287
883.534	1300
884.046	1287
884.558	1302
885.069	1284
885.581	1312
886.093	1298
886.604	1295
887.116	1310
887.627	1301
888.139	1303
888.65	1316
889.162	1298
889.673	1306
890.185	1319
890.696	1312
891.207	1295
891.719	1304
892.23	1312
892.741	1317
893.253	1312
893.764	1322
894.275	1329
894.786	1333
895.297	1317
895.809	1342
896.32	1335
896.831	1345
897.342	1323
897.853	1329
898.364	1324
898.875	1340
899.386	1341
899.897	1324
900.408	1324
900.919	1353
901.43	1322
901.941	1333
902.451	1371
902.962	1329
903.473	1324
903.984	1333
904.495	1333
905.005	1319
905.516	1314
906.027	1332
906.538	1326
907.048	1325
907.559	1309
908.069	1275
908.58	1249
909.091	1209
909.601	1190
910.112	1120
910.622	1097
911.133	1049
911.643	1035
912.154	1024
912.664	1020
913.174	1018
913.685	1017
914.195	1017
914.705	1012
915.216	1013
915.726	1014
916.236	1011
916.746	1016
917.256	1009
917.767	1005
918.277	1004
918.787	1013
919.297	1012
919.807	1009
920.317	1011
920.827	1011
921.337	1009
921.847	1013
922.357	1008
922.867	1009
923.377	1009
923.887	1009
924.397	1015
924.906	1011
925.416	1009
925.926	1016
926.436	1013
926.946	1011
927.455	1014
927.965	1009
928.475	1010
928.984	1009
929.494	1012
930.004	1011
930.513	1014
931.023	1009
931.532	1014
932.042	1013
932.551	1013
933.061	1010
933.57	1008
934.08	1010
934.589	1015
935.098	1014
935.608	1010
936.117	1014
936.626	1014
937.136	1007
937.645	1015
938.154	1008
938.663	1009
939.173	1008
939.682	1009
940.191	1012
940.7	1013
941.209	1015
941.718	1013
942.227	1014
942.736	1014
943.245	1016
943.754	1013
944.263	1017
944.772	1012
945.281	1019
945.79	1015
946.299	1018
946.807	1013
947.316	1015
947.825	1013
948.334	1019
948.843	1019
949.351	1017
949.86	1028
950.369	1020
950.877	1018
951.386	1025
951.894	1036
952.403	1041
952.911	1038
953.42	1033
953.929	1037
954.437	1035
954.945	1033
955.454	1018
955.962	1026
956.471	1030
956.979	1027
957.487	1027
957.996	1018
958.504	1023
959.012	1023
959.52	1024
960.029	1030
960.537	1023
961.045	1027
961.553	1024
962.061	1026
962.569	1019
963.077	1021
963.585	1022
