432.895	1005
433.423	1006
433.95	1005
434.478	1005
435.006	1003
435.534	1007
436.062	1002
436.589	1002
437.117	1001
437.645	1001
438.172	1005
438.7	1005
439.228	1007
439.756	1003
440.283	1000
440.811	1009
441.338	1004
441.866	1003
442.394	1005
442.921	1003
443.449	1006
443.976	1007
444.504	1005
445.031	1003
445.559	1004
446.086	1007
446.614	1004
447.141	1003
447.669	1006
448.196	1007
448.724	999
449.251	1003
449.778	1004
450.306	1004
450.833	1002
451.361	1002
451.888	1004
452.415	1003
452.943	1004
453.47	1004
453.997	1008
454.524	1003
455.052	1005
455.579	1002
456.106	1006
456.633	1001
457.16	1005
457.688	1004
458.215	1006
458.742	1009
459.269	1004
459.796	1005
460.323	1000
460.85	1003
461.377	1005
461.904	1004
462.431	1005
462.958	1007
463.485	1007
464.012	1004
464.539	1003
465.066	1003
465.593	1005
466.12	1005
466.647	1005
467.174	1004
467.701	1005
468.228	1008
468.755	1004
469.282	1007
469.808	1006
470.335	1006
470.862	1002
471.389	1002
471.915	1007
472.442	1003
472.969	1000
473.496	1008
474.022	1003
474.549	1006
475.076	1003
475.602	1005
476.129	1007
476.656	1005
477.182	1004
477.709	1007
478.235	1004
478.762	1003
479.289	1006
479.815	1008
480.342	1003
480.868	1003
481.395	1008
481.921	1008
482.448	1007
482.974	1008
483.5	1007
484.027	1002
484.553	1003
485.08	1005
485.606	1005
486.132	1005
486.659	1008
487.185	1009
487.711	1004
488.238	1006
488.764	1003
489.29	1006
489.816	1006
490.343	1007
490.869	1007
491.395	1003
491.921	1006
492.447	1007
492.973	1006
493.5	1009
494.026	1007
494.552	1009
495.078	1009
495.604	1008
496.13	1015
496.656	1011
497.182	1019
497.708	1013
498.234	1020
498.76	1021
499.286	1043
499.812	1062
500.338	1119
500.864	1210
501.39	1289
501.916	1344
502.441	1345
502.967	1359
503.493	1377
504.019	1391
504.545	1429
505.071	1458
505.596	1462
506.122	1516
506.648	1518
507.174	1526
507.699	1543
508.225	1571
508.751	1608
509.276	1581
509.802	1643
510.328	1668
510.853	1660
511.379	1723
511.904	1743
512.43	1772
512.955	1804
513.481	1829
514.006	1885
514.532	1917
515.057	1931
515.583	1967
516.108	1990
516.634	2110
517.159	2082
517.685	2113
518.21	2146
518.735	2213
519.261	2207
519.786	2289
520.311	2304
520.837	2361
521.362	2437
521.887	2436
522.413	2500
522.938	2526
523.463	2587
523.988	2639
524.513	2654
525.039	2707
525.564	2746
526.089	2795
526.614	2903
527.139	2932
527.664	2945
528.189	3025
528.714	3064
529.24	3092
529.765	3083
530.29	3101
530.815	3108
531.34	3056
531.865	3040
532.389	3119
532.914	3177
533.439	3229
533.964	3332
534.489	3406
535.014	3498
535.539	3662
536.064	3848
536.588	3961
537.113	4086
537.638	4169
538.163	4246
538.688	4377
539.212	4371
539.737	4405
540.262	4448
540.786	4593
541.311	4683
541.836	4781
542.36	4889
542.885	5005
543.41	5118
543.934	5295
544.459	5352
544.983	5436
545.508	5517
546.032	5574
546.557	5684
547.081	5760
547.606	5848
548.13	5978
548.655	6091
549.179	6226
549.704	6425
550.228	6561
550.752	6689
551.277	6863
551.801	6928
552.325	7111
552.85	7156
553.374	7241
553.898	7421
554.423	7607
554.947	7615
555.471	7871
555.995	7937
556.519	8088
557.044	8321
557.568	8464
558.092	8602
558.616	8756
559.14	8943
559.664	9155
560.188	9199
560.712	9363
561.236	9498
561.76	9694
562.284	9900
562.808	10072
563.332	10301
563.856	10393
564.38	10634
564.904	11000
565.428	11145
565.952	11173
566.476	11383
567	11512
567.523	11709
568.047	11900
568.571	12023
569.095	12275
569.619	12469
570.142	12775
570.666	13099
571.19	13153
571.714	13338
572.237	13578
572.761	13858
573.285	13954
573.808	14100
574.332	14287
574.855	14390
575.379	14542
575.903	14641
576.426	14756
576.95	15023
577.473	15050
577.997	15341
578.52	15548
579.044	15953
579.567	16143
580.09	16275
580.614	16618
581.137	16683
581.661	16844
582.184	16864
582.707	17268
583.231	17341
583.754	17470
584.277	17686
584.8	17811
585.324	17992
585.847	17846
586.37	18122
586.893	18293
587.417	18375
587.94	18493
588.463	18851
588.986	18939
589.509	19126
590.032	19258
590.555	19272
591.078	19295
591.601	19424
592.124	19486
592.647	19696
593.17	19742
593.693	19819
594.216	20050
594.739	20208
595.262	20410
595.785	20561
596.308	20713
596.831	20771
597.354	20824
597.877	20853
598.399	20903
598.922	20754
599.445	20681
599.968	20782
600.49	20538
601.013	20638
601.536	20636
602.059	20483
602.581	20707
603.104	20535
603.627	20592
604.149	20645
604.672	20604
605.194	20449
605.717	20560
606.24	20770
606.762	20614
607.285	20456
607.807	20591
608.33	20555
608.852	20666
609.374	20490
609.897	20512
610.419	20389
610.942	20509
611.464	20424
611.986	20434
612.509	20564
613.031	20496
613.553	20403
614.076	20251
614.598	20054
615.12	20047
615.642	19844
616.165	19845
616.687	19956
617.209	19808
617.731	19885
618.253	19818
618.775	19891
619.297	19798
619.82	19643
620.342	19736
620.864	19785
621.386	19897
621.908	19791
622.43	19810
622.952	19681
623.474	19621
623.996	19548
624.518	19464
625.039	19338
625.561	19144
626.083	19151
626.605	19031
627.127	19167
627.649	19150
628.171	19012
628.692	18904
629.214	18920
629.736	18994
630.258	18862
630.779	18952
631.301	18974
631.823	18698
632.344	18609
632.866	18693
633.388	18818
633.909	18602
634.431	18561
634.952	18559
635.474	18395
635.995	18439
636.517	18576
637.038	18406
637.56	18590
638.081	18422
638.603	18460
639.124	18501
639.646	18379
640.167	18420
640.688	18358
641.21	18162
641.731	18362
642.252	18351
642.773	18373
643.295	18505
643.816	18333
644.337	18169
644.859	18260
645.38	18215
645.901	18039
646.422	17955
646.943	17857
647.464	17981
647.985	17966
648.506	17977
649.028	17803
649.549	17966
650.07	17785
650.591	17759
651.112	17723
651.633	17683
652.154	17849
652.674	17777
653.195	17653
653.716	17666
654.237	17664
654.758	17495
655.279	17371
655.8	17461
656.321	17346
656.841	17195
657.362	17309
657.883	17172
658.404	17254
658.924	17296
659.445	17301
659.966	17432
660.486	17330
661.007	17234
661.528	17319
662.048	17306
662.569	17324
663.089	17199
663.61	17052
664.13	17028
664.651	16852
665.171	16795
665.692	16832
666.212	16747
666.733	16775
667.253	16757
667.774	16635
668.294	16801
668.814	16892
669.335	16987
669.855	17014
670.375	17114
670.896	17194
671.416	17141
671.936	17093
672.456	17056
672.977	17012
673.497	16986
674.017	16869
674.537	16793
675.057	16696
675.577	16647
676.097	16696
676.617	16653
677.137	16625
677.657	16481
678.177	16659
678.698	16495
679.217	16631
679.737	16621
680.257	16678
680.777	16657
681.297	16538
681.817	16473
682.337	16528
682.857	16718
683.377	16532
683.896	16623
684.416	16410
684.936	16333
685.456	16430
685.975	16251
686.495	16444
687.015	16338
687.535	16238
688.054	16442
688.574	16392
689.093	16569
689.613	16559
690.133	16709
690.652	16693
691.172	16746
691.691	16812
692.211	16859
692.73	16899
693.25	16951
693.769	17051
694.289	16989
694.808	16986
695.327	16896
695.847	16996
696.366	16830
696.885	16869
697.405	16816
697.924	16976
698.443	16917
698.962	16863
699.482	17034
700.001	16995
700.52	17097
701.039	17221
701.558	17192
702.078	17125
702.597	17113
703.116	17146
703.635	17149
704.154	17117
704.673	17212
705.192	17216
705.711	17441
706.23	17513
706.749	17643
707.268	17667
707.787	17637
708.306	17584
708.824	17628
709.343	17598
709.862	17560
710.381	17525
710.9	17520
711.419	17703
711.937	17659
712.456	17674
712.975	17876
713.493	17829
714.012	17707
714.531	17840
715.049	17929
715.568	18013
716.087	18034
716.605	18066
717.124	17985
717.642	18043
718.161	18033
718.679	18178
719.198	18158
719.716	17966
720.235	17940
720.753	17891
721.272	17946
721.79	17990
722.308	17901
722.827	17840
723.345	17853
723.863	17806
724.382	17969
724.9	17853
725.418	18149
725.936	17933
726.455	18001
726.973	17924
727.491	17814
728.009	17915
728.527	17616
729.045	17690
729.563	17930
730.081	17683
730.599	17916
731.117	17837
731.635	17692
732.153	17813
732.671	17903
733.189	17893
733.707	17761
734.225	17611
734.743	17653
735.261	17749
735.779	17723
736.297	17762
736.814	17687
737.332	17822
737.85	17549
738.368	17814
738.885	17826
739.403	17793
739.921	17686
740.439	17715
740.956	17636
741.474	17593
741.991	17611
742.509	17688
743.027	17713
743.544	17620
744.062	17647
744.579	17623
745.097	17647
745.614	17459
746.131	17476
746.649	17700
747.166	17494
747.684	17570
748.201	17538
748.718	17444
749.236	17482
749.753	17529
750.27	17426
750.788	17544
751.305	17400
751.822	17586
752.339	17782
752.856	17496
753.374	17337
753.891	17424
754.408	17198
754.925	17297
755.442	17205
755.959	17228
756.476	17055
756.993	16899
757.51	16940
758.027	16875
758.544	16936
759.061	16746
759.578	16774
760.095	16611
760.612	16807
761.128	16798
761.645	16944
762.162	16877
762.679	16692
763.196	16781
763.712	16858
764.229	16908
764.746	16797
765.263	16818
765.779	16852
766.296	16671
766.812	16571
767.329	16584
767.846	16546
768.362	16733
768.879	16642
769.395	16655
769.912	16368
770.428	16367
770.945	16380
771.461	16325
771.978	16343
772.494	16200
773.01	16217
773.527	16158
774.043	16032
774.559	16058
775.076	16091
775.592	15895
776.108	15892
776.624	15743
777.141	15730
777.657	15590
778.173	15522
778.689	15531
779.205	15468
779.721	15340
780.237	15273
780.753	15248
781.27	15022
781.786	15318
782.302	15116
782.818	15080
783.333	14960
783.849	15131
784.365	14876
784.881	14780
785.397	14965
785.913	14719
786.429	14894
786.945	14880
787.46	14672
787.976	14779
788.492	14642
789.008	14690
789.523	14564
790.039	14376
790.555	14562
791.07	14511
791.586	14384
792.102	14295
792.617	14189
793.133	14196
793.648	14175
794.164	14065
794.679	14013
795.195	14065
795.71	14058
796.226	13895
796.741	13862
797.256	13926
797.772	13707
798.287	13702
798.802	13690
799.318	13565
799.833	13474
800.348	13486
800.864	13635
801.379	13584
801.894	13455
802.409	13701
802.924	13456
803.44	13548
803.955	13521
804.47	13619
804.985	13507
805.5	13368
806.015	13390
806.53	13467
807.045	13304
807.56	13184
808.075	13206
808.59	13042
809.105	13066
809.619	13009
810.134	12843
810.649	12811
811.164	12724
811.679	12822
812.194	12578
812.708	12611
813.223	12621
813.738	12566
814.252	12552
814.767	12605
815.282	12380
815.796	12508
816.311	12484
816.826	12641
817.34	12426
817.855	12450
818.369	12430
818.884	12329
819.398	12353
819.913	12446
820.427	12393
820.941	12350
821.456	12237
821.97	12289
822.484	12188
822.999	12184
823.513	12058
824.027	12093
824.542	11973
825.056	11944
825.57	11865
826.084	11935
826.598	11856
827.113	11972
827.627	11931
828.141	11942
828.655	11916
829.169	11801
829.683	11764
830.197	11734
830.711	11911
831.225	11871
831.739	11861
832.253	11913
832.767	11906
833.281	11960
833.795	11822
834.308	11821
834.822	11880
835.336	11907
835.85	11753
836.364	11713
836.877	11604
837.391	11691
837.905	11596
838.418	11618
838.932	11445
839.446	11365
839.959	11380
840.473	11432
840.986	11402
841.5	11309
842.013	11290
842.527	11308
843.04	11444
843.554	11523
844.067	11358
844.581	11497
845.094	11721
845.607	11666
846.121	11823
846.634	11690
847.147	11698
847.661	11740
848.174	11590
848.687	11594
849.2	11722
849.714	11641
850.227	11690
850.74	11607
851.253	11464
851.766	11586
852.279	11652
852.792	11626
853.305	11664
853.818	11634
854.331	11608
854.844	11750
855.357	11589
855.87	11629
856.383	11673
856.896	11634
857.409	11636
857.921	11740
858.434	11641
858.947	11683
859.46	11747
859.973	11683
860.485	11648
860.998	11585
861.511	11669
862.023	11735
862.536	11723
863.049	11764
863.561	11901
864.074	11857
864.586	11797
865.099	11729
865.611	11653
866.124	11564
866.636	11552
867.149	11601
867.661	11573
868.173	11360
868.686	11488
869.198	11519
869.71	11577
870.223	11400
870.735	11485
871.247	11592
871.759	11606
872.272	11581
872.784	11468
873.296	11537
873.808	11564
874.32	11645
874.832	11666
875.344	11655
875.856	11669
876.368	11608
876.88	11610
877.392	11506
877.904	11435
878.416	11227
878.928	11417
879.44	11289
879.952	11177
880.464	11236
880.976	11155
881.487	11139
881.999	11199
882.511	11069
883.023	11035
883.534	11196
884.046	11211
884.558	11172
885.069	11263
885.581	11389
886.093	11374
886.604	11222
887.116	11096
887.627	11049
888.139	11007
888.65	11022
889.162	10950
889.673	11033
890.185	10887
890.696	10930
891.207	11005
891.719	11004
892.23	10952
892.741	10892
893.253	10851
893.764	10740
894.275	10763
894.786	10848
895.297	10611
895.809	10600
896.32	10671
896.831	10700
897.342	10555
897.853	10587
898.364	10557
898.875	10524
899.386	10574
899.897	10610
900.408	10419
900.919	10531
901.43	10639
901.941	10464
902.451	10469
902.962	10336
903.473	10435
903.984	10216
904.495	10275
905.005	10230
905.516	10306
906.027	10080
906.538	10111
907.048	9826
907.559	9489
908.069	9212
908.58	8795
909.091	7844
909.601	6802
910.112	5487
910.622	4051
911.133	2960
911.643	2185
912.154	1723
912.664	1422
913.174	1277
913.685	1194
914.195	1137
914.705	1098
915.216	1099
915.726	1089
916.236	1066
916.746	1065
917.256	1061
917.767	1053
918.277	1046
918.787	1048
919.297	1043
919.807	1041
920.317	1047
920.827	1027
921.337	1041
921.847	1025
922.357	1035
922.867	1035
923.377	1036
923.887	1037
924.397	1035
924.906	1037
925.416	1035
925.926	1037
926.436	1030
926.946	1031
927.455	1037
927.965	1025
928.475	1033
928.984	1039
929.494	1028
930.004	1034
930.513	1034
931.023	1043
931.532	1023
932.042	1030
932.551	1030
933.061	1029
933.57	1029
934.08	1031
934.589	1026
935.098	1032
935.608	1036
936.117	1027
936.626	1021
937.136	1030
937.645	1024
938.154	1031
938.663	1022
939.173	1028
939.682	1018
940.191	1028
940.7	1024
941.209	1025
941.718	1019
942.227	1020
942.736	1019
943.245	1022
943.754	1020
944.263	1021
944.772	1020
945.281	1016
945.79	1024
946.299	1025
946.807	1023
947.316	1020
947.825	1024
948.334	1022
948.843	1014
949.351	1028
949.86	1019
950.369	1030
950.877	1036
951.386	1031
951.894	1037
952.403	1038
952.911	1029
953.42	1031
953.929	1032
954.437	1023
954.945	1021
955.454	1024
955.962	1021
956.471	1024
956.979	1033
957.487	1025
957.996	1025
958.504	1029
959.012	1019
959.52	1016
960.029	1019
960.537	1026
961.045	1028
961.553	1026
962.061	1029
962.569	1018
963.077	1028
963.585	1025
