432.895	1002
433.423	1001
433.95	999
434.478	999
435.006	1001
435.534	999
436.062	998
436.589	1001
437.117	1001
437.645	1003
438.172	1001
438.7	1003
439.228	998
439.756	1000
440.283	999
440.811	999
441.338	1001
441.866	1002
442.394	1002
442.921	1002
443.449	1003
443.976	1002
444.504	1000
445.031	1003
445.559	1002
446.086	999
446.614	1002
447.141	1002
447.669	999
448.196	1002
448.724	1000
449.251	1000
449.778	999
450.306	1003
450.833	999
451.361	1000
451.888	999
452.415	1001
452.943	1000
453.47	1002
453.997	999
454.524	1003
455.052	999
455.579	1002
456.106	999
456.633	1000
457.16	1001
457.688	1000
458.215	999
458.742	1000
459.269	1001
459.796	998
460.323	1000
460.85	999
461.377	999
461.904	1002
462.431	1000
462.958	1001
463.485	1002
464.012	1000
464.539	1002
465.066	999
465.593	1000
466.12	999
466.647	1000
467.174	1000
467.701	1000
468.228	1001
468.755	997
469.282	1000
469.808	999
470.335	999
470.862	1002
471.389	999
471.915	1000
472.442	999
472.969	1001
473.496	998
474.022	998
474.549	999
475.076	997
475.602	1003
476.129	998
476.656	1002
477.182	1001
477.709	1000
478.235	997
478.762	1004
479.289	1000
479.815	1001
480.342	1002
480.868	1000
481.395	1000
481.921	1000
482.448	1000
482.974	1001
483.5	1002
484.027	1003
484.553	999
485.08	999
485.606	1000
486.132	1001
486.659	1002
487.185	1000
487.711	1001
488.238	1004
488.764	1000
489.29	998
489.816	1003
490.343	999
490.869	1000
491.395	1001
491.921	1001
492.447	1001
492.973	1000
493.5	1001
494.026	1001
494.552	998
495.078	1001
495.604	1002
496.13	1000
496.656	1001
497.182	1000
497.708	1002
498.234	1000
498.76	999
499.286	1002
499.812	1002
500.338	1002
500.864	1001
501.39	998
501.916	1000
502.441	1003
502.967	998
503.493	1001
504.019	1000
504.545	1002
505.071	1001
505.596	998
506.122	1000
506.648	1001
507.174	1000
507.699	1002
508.225	999
508.751	998
509.276	1003
509.802	1002
510.328	1003
510.853	1001
511.379	1000
511.904	1000
512.43	1005
512.955	1004
513.481	1004
514.006	1002
514.532	999
515.057	1002
515.583	1004
516.108	998
516.634	1004
517.159	1000
517.685	1003
518.21	1002
518.735	1003
519.261	1001
519.786	1002
520.311	999
520.837	1002
521.362	1002
521.887	1004
522.413	999
522.938	1004
523.463	999
523.988	1001
524.513	1004
525.039	1003
525.564	1002
526.089	1004
526.614	1004
527.139	1005
527.664	1005
528.189	1001
528.714	1007
529.24	1001
529.765	1006
530.29	1003
530.815	1004
531.34	1003
531.865	1000
532.389	1006
532.914	1006
533.439	1008
533.964	1004
534.489	1005
535.014	1004
535.539	1006
536.064	1003
536.588	1008
537.113	1003
537.638	1007
538.163	1009
538.688	1005
539.212	1004
539.737	1005
540.262	1009
540.786	1009
541.311	1005
541.836	1005
542.36	1008
542.885	1008
543.41	1004
543.934	1006
544.459	1004
544.983	1009
545.508	1012
546.032	1007
546.557	1010
547.081	1010
547.606	1005
548.13	1008
548.655	1007
549.179	1013
549.704	1012
550.228	1011
550.752	1012
551.277	1012
551.801	1013
552.325	1014
552.85	1018
553.374	1012
553.898	1013
554.423	1012
554.947	1012
555.471	1015
555.995	1019
556.519	1013
557.044	1015
557.568	1016
558.092	1023
558.616	1022
559.14	1013
559.664	1016
560.188	1014
560.712	1025
561.236	1016
561.76	1018
562.284	1027
562.808	1013
563.332	1016
563.856	1017
564.38	1019
564.904	1024
565.428	1026
565.952	1017
566.476	1022
567	1019
567.523	1024
568.047	1026
568.571	1022
569.095	1026
569.619	1020
570.142	1025
570.666	1018
571.19	1023
571.714	1027
572.237	1028
572.761	1031
573.285	1026
573.808	1027
574.332	1036
574.855	1026
575.379	1036
575.903	1032
576.426	1037
576.95	1044
577.473	1037
577.997	1026
578.52	1031
579.044	1034
579.567	1039
580.09	1035
580.614	1038
581.137	1032
581.661	1034
582.184	1028
582.707	1034
583.231	1042
583.754	1039
584.277	1041
584.8	1039
585.324	1041
585.847	1045
586.37	1048
586.893	1042
587.417	1041
587.94	1035
588.463	1045
588.986	1051
589.509	1040
590.032	1044
590.555	1041
591.078	1042
591.601	1046
592.124	1047
592.647	1041
593.17	1044
593.693	1052
594.216	1055
594.739	1043
595.262	1044
595.785	1051
596.308	1055
596.831	1049
597.354	1055
597.877	1057
598.399	1061
598.922	1049
599.445	1053
599.968	1061
600.49	1048
601.013	1051
601.536	1047
602.059	1056
602.581	1051
603.104	1051
603.627	1048
604.149	1051
604.672	1052
605.194	1059
605.717	1057
606.24	1057
606.762	1064
607.285	1050
607.807	1059
608.33	1060
608.852	1059
609.374	1059
609.897	1065
610.419	1054
610.942	1058
611.464	1052
611.986	1056
612.509	1061
613.031	1058
613.553	1058
614.076	1057
614.598	1059
615.12	1054
615.642	1061
616.165	1057
616.687	1061
617.209	1053
617.731	1067
618.253	1069
618.775	1062
619.297	1066
619.82	1061
620.342	1057
620.864	1069
621.386	1069
621.908	1051
622.43	1064
622.952	1068
623.474	1067
623.996	1067
624.518	1071
625.039	1072
625.561	1071
626.083	1062
626.605	1068
627.127	1062
627.649	1082
628.171	1078
628.692	1060
629.214	1071
629.736	1068
630.258	1072
630.779	1072
631.301	1060
631.823	1061
632.344	1071
632.866	1062
633.388	1071
633.909	1080
634.431	1068
634.952	1064
635.474	1062
635.995	1077
636.517	1069
637.038	1073
637.56	1074
638.081	1076
638.603	1065
639.124	1064
639.646	1082
640.167	1069
640.688	1077
641.21	1079
641.731	1085
642.252	1088
642.773	1080
643.295	1077
643.816	1081
644.337	1081
644.859	1089
645.38	1079
645.901	1069
646.422	1082
646.943	1074
647.464	1077
647.985	1080
648.506	1084
649.028	1080
649.549	1083
650.07	1084
650.591	1073
651.112	1072
651.633	1089
652.154	1083
652.674	1088
653.195	1090
653.716	1079
654.237	1087
654.758	1082
655.279	1086
655.8	1080
656.321	1093
656.841	1094
657.362	1091
657.883	1086
658.404	1082
658.924	1075
659.445	1089
659.966	1098
660.486	1077
661.007	1079
661.528	1104
662.048	1091
662.569	1084
663.089	1074
663.61	1096
664.13	1091
664.651	1080
665.171	1083
665.692	1097
666.212	1090
666.733	1090
667.253	1086
667.774	1080
668.294	1084
668.814	1085
669.335	1100
669.855	1082
670.375	1102
670.896	1096
671.416	1090
671.936	1089
672.456	1086
672.977	1105
673.497	1094
674.017	1080
674.537	1094
675.057	1090
675.577	1098
676.097	1089
676.617	1087
677.137	1088
677.657	1090
678.177	1091
678.698	1085
679.217	1093
679.737	1095
680.257	1096
680.777	1095
681.297	1093
681.817	1102
682.337	1100
682.857	1106
683.377	1102
683.896	1097
684.416	1100
684.936	1099
685.456	1091
685.975	1108
686.495	1098
687.015	1100
687.535	1099
688.054	1098
688.574	1094
689.093	1099
689.613	1095
690.133	1104
690.652	1099
691.172	1104
691.691	1105
692.211	1110
692.73	1124
693.25	1111
693.769	1101
694.289	1095
694.808	1120
695.327	1108
695.847	1106
696.366	1125
696.885	1114
697.405	1107
697.924	1117
698.443	1121
698.962	1101
699.482	1116
700.001	1125
700.52	1126
701.039	1119
701.558	1130
702.078	1117
702.597	1105
703.116	1125
703.635	1119
704.154	1120
704.673	1120
705.192	1123
705.711	1114
706.23	1129
706.749	1117
707.268	1122
707.787	1134
708.306	1134
708.824	1127
709.343	1134
709.862	1121
710.381	1132
710.9	1123
711.419	1129
711.937	1125
712.456	1144
712.975	1142
713.493	1129
714.012	1128
714.531	1123
715.049	1134
715.568	1120
716.087	1108
716.605	1144
717.124	1138
717.642	1144
718.161	1135
718.679	1126
719.198	1138
719.716	1132
720.235	1135
720.753	1140
721.272	1133
721.79	1132
722.308	1142
722.827	1133
723.345	1135
723.863	1139
724.382	1132
724.9	1132
725.418	1137
725.936	1138
726.455	1160
726.973	1142
727.491	1151
728.009	1164
728.527	1153
729.045	1141
729.563	1147
730.081	1136
730.599	1157
731.117	1148
731.635	1159
732.153	1152
732.671	1148
733.189	1157
733.707	1160
734.225	1142
734.743	1165
735.261	1152
735.779	1145
736.297	1156
736.814	1160
737.332	1163
737.85	1169
738.368	1153
738.885	1170
739.403	1170
739.921	1145
740.439	1175
740.956	1170
741.474	1152
741.991	1172
742.509	1174
743.027	1163
743.544	1161
744.062	1165
744.579	1167
745.097	1155
745.614	1170
746.131	1156
746.649	1155
747.166	1168
747.684	1169
748.201	1165
748.718	1174
749.236	1180
749.753	1176
750.27	1162
750.788	1168
751.305	1157
751.822	1163
752.339	1200
752.856	1180
753.374	1170
753.891	1176
754.408	1163
754.925	1165
755.442	1182
755.959	1170
756.476	1157
756.993	1183
757.51	1169
758.027	1179
758.544	1165
759.061	1184
759.578	1183
760.095	1193
760.612	1173
761.128	1188
761.645	1185
762.162	1178
762.679	1178
763.196	1177
763.712	1177
764.229	1171
764.746	1165
765.263	1181
765.779	1169
766.296	1178
766.812	1185
767.329	1176
767.846	1190
768.362	1183
768.879	1174
769.395	1176
769.912	1175
770.428	1165
770.945	1156
771.461	1200
771.978	1173
772.494	1172
773.01	1193
773.527	1174
774.043	1179
774.559	1184
775.076	1181
775.592	1190
776.108	1174
776.624	1181
777.141	1177
777.657	1177
778.173	1172
778.689	1184
779.205	1169
779.721	1201
780.237	1183
780.753	1192
781.27	1190
781.786	1187
782.302	1177
782.818	1188
783.333	1183
783.849	1185
784.365	1194
784.881	1201
785.397	1204
785.913	1188
786.429	1176
786.945	1200
787.46	1183
787.976	1197
788.492	1188
789.008	1175
789.523	1167
790.039	1182
790.555	1192
791.07	1183
791.586	1165
792.102	1183
792.617	1176
793.133	1181
793.648	1193
794.164	1173
794.679	1175
795.195	1175
795.71	1189
796.226	1186
796.741	1177
797.256	1173
797.772	1166
798.287	1205
798.802	1170
799.318	1169
799.833	1189
800.348	1182
800.864	1185
801.379	1164
801.894	1170
802.409	1195
802.924	1188
803.44	1182
803.955	1180
804.47	1180
804.985	1175
805.5	1183
806.015	1183
806.53	1188
807.045	1194
807.56	1169
808.075	1187
808.59	1175
809.105	1178
809.619	1180
810.134	1171
810.649	1172
811.164	1183
811.679	1184
812.194	1181
812.708	1173
813.223	1176
813.738	1175
814.252	1157
814.767	1181
815.282	1169
815.796	1179
816.311	1163
816.826	1191
817.34	1176
817.855	1157
818.369	1174
818.884	1177
819.398	1183
819.913	1179
820.427	1174
820.941	1183
821.456	1189
821.97	1176
822.484	1188
822.999	1192
823.513	1178
824.027	1180
824.542	1176
825.056	1180
825.57	1176
826.084	1185
826.598	1190
827.113	1178
827.627	1172
828.141	1170
828.655	1171
829.169	1170
829.683	1188
830.197	1184
830.711	1171
831.225	1168
831.739	1197
832.253	1173
832.767	1190
833.281	1167
833.795	1194
834.308	1193
834.822	1196
835.336	1178
835.85	1184
836.364	1193
836.877	1185
837.391	1170
837.905	1187
838.418	1185
838.932	1184
839.446	1188
839.959	1183
840.473	1190
840.986	1175
841.5	1183
842.013	1191
842.527	1194
843.04	1189
843.554	1203
844.067	1196
844.581	1197
845.094	1198
845.607	1187
846.121	1175
846.634	1194
847.147	1177
847.661	1180
848.174	1190
848.687	1181
849.2	1206
849.714	1205
850.227	1191
850.74	1201
851.253	1196
851.766	1188
852.279	1211
852.792	1206
853.305	1183
853.818	1185
854.331	1193
854.844	1193
855.357	1201
855.87	1200
856.383	1185
856.896	1193
857.409	1201
857.921	1194
858.434	1202
858.947	1199
859.46	1209
859.973	1221
860.485	1207
860.998	1217
861.511	1215
862.023	1207
862.536	1196
863.049	1211
863.561	1197
864.074	1201
864.586	1184
865.099	1192
865.611	1205
866.124	1233
866.636	1203
867.149	1222
867.661	1200
868.173	1216
868.686	1193
869.198	1205
869.71	1206
870.223	1212
870.735	1197
871.247	1200
871.759	1203
872.272	1202
872.784	1203
873.296	1199
873.808	1196
874.32	1187
874.832	1191
875.344	1199
875.856	1204
876.368	1195
876.88	1189
877.392	1205
877.904	1212
878.416	1208
878.928	1213
879.44	1192
879.952	1206
880.464	1191
880.976	1196
881.487	1203
881.999	1194
882.511	1208
883.023	1203
883.534	1208
884.046	1180
884.558	1201
885.069	1193
885.581	1188
886.093	1189
886.604	1203
887.116	1193
887.627	1209
888.139	1197
888.65	1189
889.162	1199
889.673	1207
890.185	1202
890.696	1199
891.207	1207
891.719	1187
892.23	1210
892.741	1204
893.253	1218
893.764	1210
894.275	1226
894.786	1204
895.297	1215
895.809	1204
896.32	1205
896.831	1210
897.342	1209
897.853	1222
898.364	1203
898.875	1214
899.386	1196
899.897	1217
900.408	1206
900.919	1205
901.43	1210
901.941	1199
902.451	1200
902.962	1212
903.473	1212
903.984	1215
904.495	1214
905.005	1194
905.516	1198
906.027	1203
906.538	1203
907.048	1166
907.559	1189
908.069	1181
908.58	1179
909.091	1159
909.601	1117
910.112	1099
910.622	1070
911.133	1052
911.643	1036
912.154	1024
912.664	1015
913.174	1013
913.685	1012
914.195	1016
914.705	1013
915.216	1013
915.726	1010
916.236	1008
916.746	1007
917.256	1005
917.767	1010
918.277	1008
918.787	1010
919.297	1008
919.807	1012
920.317	1008
920.827	1008
921.337	1010
921.847	1007
922.357	1008
922.867	1009
923.377	1010
923.887	1010
924.397	1014
924.906	1006
925.416	1011
925.926	1015
926.436	1010
926.946	1011
927.455	1006
927.965	1014
928.475	1007
928.984	1011
929.494	1009
930.004	1006
930.513	1009
931.023	1007
931.532	1008
932.042	1009
932.551	1007
933.061	1007
933.57	1012
934.08	1011
934.589	1012
935.098	1013
935.608	1012
936.117	1012
936.626	1004
937.136	1009
937.645	1013
938.154	1009
938.663	1008
939.173	1014
939.682	1007
940.191	1015
940.7	1012
941.209	1016
941.718	1013
942.227	1015
942.736	1014
943.245	1012
943.754	1015
944.263	1010
944.772	1010
945.281	1015
945.79	1019
946.299	1014
946.807	1013
947.316	1016
947.825	1015
948.334	1013
948.843	1013
949.351	1015
949.86	1024
950.369	1032
950.877	1023
951.386	1029
951.894	1034
952.403	1035
952.911	1028
953.42	1032
953.929	1026
954.437	1029
954.945	1022
955.454	1031
955.962	1019
956.471	1024
956.979	1028
957.487	1024
957.996	1019
958.504	1018
959.012	1018
959.52	1021
960.029	1020
960.537	1024
961.045	1027
961.553	1021
962.061	1021
962.569	1035
963.077	1029
963.585	1023
