432.895	1002
433.423	1001
433.95	1003
434.478	1002
435.006	1002
435.534	1001
436.062	999
436.589	1001
437.117	1001
437.645	1000
438.172	1000
438.7	999
439.228	998
439.756	1002
440.283	1004
440.811	1005
441.338	1000
441.866	1002
442.394	1005
442.921	1001
443.449	998
443.976	1001
444.504	1002
445.031	1000
445.559	1000
446.086	1002
446.614	1001
447.141	1000
447.669	1002
448.196	999
448.724	999
449.251	1002
449.778	1002
450.306	1002
450.833	1004
451.361	999
451.888	1003
452.415	1002
452.943	1001
453.47	1003
453.997	1000
454.524	1004
455.052	1003
455.579	1001
456.106	999
456.633	1002
457.16	1000
457.688	1001
458.215	1000
458.742	1001
459.269	1002
459.796	1006
460.323	997
460.85	1002
461.377	1000
461.904	999
462.431	999
462.958	999
463.485	1003
464.012	1000
464.539	1001
465.066	1007
465.593	1001
466.12	998
466.647	1001
467.174	1002
467.701	1001
468.228	1002
468.755	1001
469.282	1001
469.808	1002
470.335	1000
470.862	1001
471.389	1001
471.915	1000
472.442	1004
472.969	999
473.496	1002
474.022	1001
474.549	1000
475.076	1002
475.602	999
476.129	1001
476.656	1001
477.182	1004
477.709	1004
478.235	1001
478.762	1002
479.289	997
479.815	1001
480.342	1001
480.868	1003
481.395	997
481.921	1000
482.448	999
482.974	1000
483.5	1003
484.027	1002
484.553	999
485.08	1002
485.606	1000
486.132	1000
486.659	1001
487.185	1002
487.711	1001
488.238	1000
488.764	1001
489.29	999
489.816	1001
490.343	1002
490.869	999
491.395	999
491.921	1003
492.447	999
492.973	1001
493.5	998
494.026	998
494.552	1000
495.078	1004
495.604	1001
496.13	1005
496.656	998
497.182	1000
497.708	1001
498.234	1001
498.76	1000
499.286	1000
499.812	999
500.338	1001
500.864	1000
501.39	998
501.916	1000
502.441	1000
502.967	1000
503.493	1004
504.019	1003
504.545	1002
505.071	999
505.596	998
506.122	1001
506.648	1003
507.174	999
507.699	997
508.225	1003
508.751	1002
509.276	1000
509.802	1000
510.328	1002
510.853	1001
511.379	1004
511.904	999
512.43	1000
512.955	1000
513.481	1000
514.006	999
514.532	1002
515.057	1002
515.583	1002
516.108	1002
516.634	1000
517.159	1002
517.685	1000
518.21	1003
518.735	999
519.261	1001
519.786	1002
520.311	1001
520.837	1000
521.362	1002
521.887	1000
522.413	1002
522.938	1003
523.463	1003
523.988	1004
524.513	1003
525.039	1003
525.564	1002
526.089	1003
526.614	1000
527.139	1001
527.664	1002
528.189	1002
528.714	1000
529.24	1002
529.765	1001
530.29	1001
530.815	1002
531.34	1005
531.865	1003
532.389	1001
532.914	1003
533.439	1001
533.964	1004
534.489	1000
535.014	999
535.539	1002
536.064	1000
536.588	1003
537.113	999
537.638	1003
538.163	1000
538.688	1000
539.212	1003
539.737	1000
540.262	1000
540.786	1001
541.311	1001
541.836	1000
542.36	999
542.885	1002
543.41	998
543.934	1003
544.459	999
544.983	1005
545.508	1002
546.032	1000
546.557	1000
547.081	998
547.606	1001
548.13	1001
548.655	1003
549.179	1002
549.704	1000
550.228	1003
550.752	1001
551.277	1001
551.801	1004
552.325	999
552.85	1001
553.374	1002
553.898	1004
554.423	999
554.947	998
555.471	997
555.995	1001
556.519	1001
557.044	1003
557.568	1004
558.092	1001
558.616	1000
559.14	1001
559.664	1001
560.188	997
560.712	1000
561.236	1002
561.76	1001
562.284	1005
562.808	1000
563.332	1000
563.856	1001
564.38	999
564.904	1005
565.428	1001
565.952	1001
566.476	1004
567	1001
567.523	1003
568.047	997
568.571	1002
569.095	1001
569.619	1000
570.142	1002
570.666	1000
571.19	1003
571.714	1000
572.237	1001
572.761	1001
573.285	1002
573.808	1002
574.332	1002
574.855	1001
575.379	1003
575.903	1003
576.426	1001
576.95	1000
577.473	1002
577.997	1000
578.52	999
579.044	1000
579.567	1000
580.09	1002
580.614	1004
581.137	1004
581.661	1000
582.184	1002
582.707	1002
583.231	1004
583.754	999
584.277	1003
584.8	1002
585.324	997
585.847	1004
586.37	1001
586.893	1002
587.417	1005
587.94	1003
588.463	1000
588.986	1003
589.509	1001
590.032	999
590.555	1004
591.078	1003
591.601	1000
592.124	1003
592.647	1002
593.17	1002
593.693	998
594.216	1000
594.739	1002
595.262	1001
595.785	1001
596.308	1001
596.831	1000
597.354	999
597.877	1002
598.399	1003
598.922	1001
599.445	998
599.968	1000
600.49	1002
601.013	1000
601.536	1001
602.059	1004
602.581	1002
603.104	997
603.627	1003
604.149	1001
604.672	1000
605.194	1001
605.717	1003
606.24	1004
606.762	999
607.285	1001
607.807	1003
608.33	1001
608.852	1001
609.374	1000
609.897	1001
610.419	1000
610.942	1002
611.464	1001
611.986	1005
612.509	1000
613.031	1001
613.553	1001
614.076	1002
614.598	1001
615.12	1000
615.642	1002
616.165	1000
616.687	1004
617.209	1003
617.731	1003
618.253	1001
618.775	1003
619.297	1000
619.82	1004
620.342	1003
620.864	1004
621.386	1003
621.908	1001
622.43	1005
622.952	1005
623.474	1001
623.996	1000
624.518	1003
625.039	1004
625.561	1004
626.083	1005
626.605	1003
627.127	1004
627.649	1002
628.171	1003
628.692	1000
629.214	1003
629.736	1003
630.258	1005
630.779	1002
631.301	1000
631.823	1007
632.344	1001
632.866	1004
633.388	1001
633.909	1003
634.431	1003
634.952	1002
635.474	999
635.995	1001
636.517	1003
637.038	1004
637.56	1001
638.081	999
638.603	1002
639.124	1001
639.646	1001
640.167	1005
640.688	1001
641.21	1002
641.731	1001
642.252	1000
642.773	1000
643.295	1003
643.816	1001
644.337	1002
644.859	1001
645.38	1001
645.901	1001
646.422	1003
646.943	1002
647.464	1002
647.985	1001
648.506	998
649.028	1004
649.549	999
650.07	1004
650.591	999
651.112	1001
651.633	1004
652.154	1003
652.674	1001
653.195	999
653.716	1002
654.237	999
654.758	1001
655.279	1004
655.8	1001
656.321	999
656.841	1002
657.362	1003
657.883	1005
658.404	999
658.924	999
659.445	1001
659.966	1001
660.486	999
661.007	1003
661.528	1004
662.048	1002
662.569	1000
663.089	1004
663.61	1004
664.13	1001
664.651	1002
665.171	1002
665.692	1001
666.212	1005
666.733	1002
667.253	1001
667.774	1000
668.294	1002
668.814	1001
669.335	1003
669.855	1002
670.375	1004
670.896	1000
671.416	1002
671.936	1000
672.456	999
672.977	1000
673.497	1001
674.017	1001
674.537	1003
675.057	1004
675.577	1005
676.097	1002
676.617	1005
677.137	1001
677.657	1000
678.177	1004
678.698	1001
679.217	1000
679.737	1000
680.257	999
680.777	1003
681.297	1000
681.817	1005
682.337	1005
682.857	1003
683.377	1002
683.896	1003
684.416	1004
684.936	1000
685.456	1002
685.975	1004
686.495	1001
687.015	1001
687.535	1004
688.054	1004
688.574	1002
689.093	1000
689.613	998
690.133	1001
690.652	999
691.172	1002
691.691	1001
692.211	1002
692.73	1003
693.25	1005
693.769	1001
694.289	1002
694.808	1002
695.327	1000
695.847	1003
696.366	1001
696.885	1001
697.405	1007
697.924	1003
698.443	1002
698.962	1000
699.482	1004
700.001	1000
700.52	1004
701.039	1004
701.558	1000
702.078	1000
702.597	1002
703.116	1001
703.635	1002
704.154	1001
704.673	1000
705.192	1004
705.711	1001
706.23	1003
706.749	1001
707.268	1004
707.787	1001
708.306	1001
708.824	1002
709.343	1001
709.862	1001
710.381	1004
710.9	1004
711.419	1000
711.937	1003
712.456	1001
712.975	1001
713.493	1000
714.012	1005
714.531	1004
715.049	1000
715.568	1001
716.087	1001
716.605	1004
717.124	1001
717.642	1002
718.161	1001
718.679	1005
719.198	1000
719.716	1000
720.235	1004
720.753	1004
721.272	1005
721.79	1002
722.308	1005
722.827	1000
723.345	1000
723.863	1000
724.382	1004
724.9	1000
725.418	1005
725.936	1002
726.455	1001
726.973	1003
727.491	1002
728.009	1003
728.527	1002
729.045	1004
729.563	1002
730.081	1003
730.599	1003
731.117	1001
731.635	1001
732.153	1003
732.671	1001
733.189	1004
733.707	1003
734.225	1002
734.743	1004
735.261	1000
735.779	1004
736.297	999
736.814	1004
737.332	1003
737.85	1004
738.368	1002
738.885	1002
739.403	1006
739.921	1001
740.439	1002
740.956	1002
741.474	1000
741.991	1003
742.509	1007
743.027	1004
743.544	1004
744.062	1004
744.579	1004
745.097	1005
745.614	999
746.131	1004
746.649	1004
747.166	1004
747.684	1002
748.201	1002
748.718	1004
749.236	1006
749.753	1002
750.27	1004
750.788	1003
751.305	1003
751.822	1005
752.339	1004
752.856	1001
753.374	1001
753.891	1004
754.408	1004
754.925	1008
755.442	1007
755.959	1004
756.476	1004
756.993	1006
757.51	999
758.027	1000
758.544	1003
759.061	1001
759.578	1004
760.095	1004
760.612	1009
761.128	1002
761.645	1006
762.162	1002
762.679	1001
763.196	1004
763.712	1002
764.229	1001
764.746	1003
765.263	1003
765.779	1005
766.296	1007
766.812	1001
767.329	1002
767.846	1005
768.362	1003
768.879	1002
769.395	1006
769.912	1003
770.428	1002
770.945	1001
771.461	1001
771.978	1003
772.494	998
773.01	1004
773.527	1002
774.043	1000
774.559	1003
775.076	999
775.592	1000
776.108	1004
776.624	998
777.141	1006
777.657	1003
778.173	1008
778.689	1002
779.205	1007
779.721	1004
780.237	1005
780.753	1003
781.27	1005
781.786	1006
782.302	1005
782.818	1003
783.333	1000
783.849	998
784.365	1003
784.881	1003
785.397	1001
785.913	1003
786.429	1004
786.945	1005
787.46	1005
787.976	999
788.492	1002
789.008	1003
789.523	1004
790.039	1003
790.555	1004
791.07	1002
791.586	1004
792.102	1002
792.617	1004
793.133	1000
793.648	1002
794.164	1006
794.679	1004
795.195	1004
795.71	1001
796.226	999
796.741	1002
797.256	1005
797.772	1004
798.287	1002
798.802	1002
799.318	1005
799.833	1006
800.348	1002
800.864	1005
801.379	1006
801.894	1003
802.409	1004
802.924	1000
803.44	1005
803.955	1007
804.47	1002
804.985	1003
805.5	1003
806.015	1009
806.53	1005
807.045	1000
807.56	1005
808.075	1006
808.59	1005
809.105	1002
809.619	1003
810.134	1007
810.649	1001
811.164	1002
811.679	1002
812.194	1003
812.708	1000
813.223	1006
813.738	1004
814.252	1006
814.767	1004
815.282	1003
815.796	1002
816.311	1006
816.826	1008
817.34	1006
817.855	1004
818.369	1005
818.884	1005
819.398	1005
819.913	1004
820.427	1005
820.941	1006
821.456	1003
821.97	1004
822.484	1004
822.999	1006
823.513	1003
824.027	1003
824.542	1006
825.056	1006
825.57	1005
826.084	1005
826.598	1004
827.113	1004
827.627	1005
828.141	1001
828.655	1006
829.169	1005
829.683	1007
830.197	1002
830.711	1001
831.225	1004
831.739	1003
832.253	1003
832.767	1006
833.281	1005
833.795	1005
834.308	1005
834.822	1004
835.336	1002
835.85	1004
836.364	1004
836.877	1005
837.391	1003
837.905	1002
838.418	1007
838.932	1007
839.446	1002
839.959	1005
840.473	1004
840.986	1005
841.5	1004
842.013	1005
842.527	1003
843.04	1001
843.554	1004
844.067	1005
844.581	1002
845.094	1004
845.607	1006
846.121	1006
846.634	1000
847.147	1003
847.661	1009
848.174	1005
848.687	1009
849.2	1004
849.714	1007
850.227	1009
850.74	1007
851.253	1009
851.766	1006
852.279	1007
852.792	1005
853.305	1008
853.818	1002
854.331	1008
854.844	1005
855.357	1005
855.87	1006
856.383	1004
856.896	1004
857.409	1007
857.921	1002
858.434	1005
858.947	1001
859.46	1004
859.973	1005
860.485	1005
860.998	1004
861.511	1010
862.023	1005
862.536	1008
863.049	1005
863.561	1004
864.074	1006
864.586	1006
865.099	1007
865.611	1003
866.124	1007
866.636	1007
867.149	1005
867.661	1006
868.173	1003
868.686	1005
869.198	1007
869.71	1005
870.223	1008
870.735	1009
871.247	1010
871.759	1007
872.272	1005
872.784	1011
873.296	1003
873.808	1004
874.32	1005
874.832	1005
875.344	1006
875.856	1009
876.368	1004
876.88	1006
877.392	1006
877.904	1008
878.416	1014
878.928	1006
879.44	1005
879.952	1004
880.464	1008
880.976	1003
881.487	1006
881.999	1006
882.511	1008
883.023	1008
883.534	1005
884.046	1003
884.558	1003
885.069	1012
885.581	1008
886.093	1006
886.604	1008
887.116	1013
887.627	1011
888.139	1009
888.65	1012
889.162	1009
889.673	1007
890.185	1010
890.696	1004
891.207	1009
891.719	1003
892.23	1009
892.741	1009
893.253	1004
893.764	1010
894.275	1010
894.786	1008
895.297	1009
895.809	1011
896.32	1008
896.831	1008
897.342	1009
897.853	1007
898.364	1010
898.875	1010
899.386	1011
899.897	1008
900.408	1007
900.919	1010
901.43	1011
901.941	1010
902.451	1009
902.962	1011
903.473	1008
903.984	1010
904.495	1009
905.005	1009
905.516	1006
906.027	1008
906.538	1012
907.048	1006
907.559	1007
908.069	1011
908.58	1007
909.091	1006
909.601	1012
910.112	1008
910.622	1009
911.133	1007
911.643	1008
912.154	1008
912.664	1009
913.174	1008
913.685	1010
914.195	1012
914.705	1011
915.216	1008
915.726	1010
916.236	1009
916.746	1009
917.256	1006
917.767	1008
918.277	1007
918.787	1012
919.297	1008
919.807	1008
920.317	1006
920.827	1010
921.337	1011
921.847	1005
922.357	1007
922.867	1012
923.377	1007
923.887	1015
924.397	1007
924.906	1012
925.416	1013
925.926	1007
926.436	1012
926.946	1017
927.455	1013
927.965	1013
928.475	1012
928.984	1012
929.494	1014
930.004	1017
930.513	1007
931.023	1011
931.532	1016
932.042	1011
932.551	1014
933.061	1019
933.57	1011
934.08	1017
934.589	1014
935.098	1012
935.608	1015
936.117	1013
936.626	1010
937.136	1014
937.645	1013
938.154	1017
938.663	1022
939.173	1017
939.682	1016
940.191	1014
940.7	1012
941.209	1014
941.718	1017
942.227	1022
942.736	1016
943.245	1020
943.754	1022
944.263	1017
944.772	1018
945.281	1014
945.79	1021
946.299	1023
946.807	1019
947.316	1021
947.825	1021
948.334	1023
948.843	1025
949.351	1027
949.86	1027
950.369	1025
950.877	1031
951.386	1031
951.894	1039
952.403	1044
952.911	1043
953.42	1060
953.929	1042
954.437	1055
954.945	1034
955.454	1040
955.962	1041
956.471	1036
956.979	1031
957.487	1037
957.996	1039
958.504	1030
959.012	1032
959.52	1027
960.029	1023
960.537	1033
961.045	1038
961.553	1033
962.061	1036
962.569	1040
963.077	1045
963.585	1034
